0 0.000000 
10 0.081019 
20 0.077904 
30 0.154166 
40 0.180362 
50 0.198633 
60 0.230802 
70 0.306977 
80 0.436615 
90 0.544187 
100 0.692122 
110 0.912316 
120 1.414854 
130 1.863877 
140 2.476714 
150 3.970464 
160 5.359062 
170 7.245197 
180 9.836590 
190 16.076583 
200 21.987633 
210 30.135887 
220 41.405439 
230 68.409782 
240 94.389350 
250 130.476352 
260 216.761253 
270 300.558130 
280 417.329637 
290 580.222842 
300 969.173529 
310 1350.572516 
320 1884.031664 
330 3156.930722 
340 4412.256942 
350 6172.100007 
360 8640.923800 
370 14527.935633 
380 20369.686828 
390 28580.223323 
400 40126.621223 
410 67647.591008 
420 95093.184710 
430 133749.667084 
440 188222.261313 
450 318020.335999 
460 447993.890887 
470 631385.477624 
480 1068304.289254 
490 1506963.215620 
500 2126626.634256 
510 3002296.627032 
520 5088200.258735 
530 7188763.373231 
540 10160119.497304 
550 14364562.482629 
560 24378715.902926 
570 34489469.304131 
580 48808547.886031 
590 82911663.185807 
600 117402920.221046 
610 166288733.285026 
620 235593595.362391 
630 400643752.203177 
640 567912539.285050 
650 805212637.332222 
660 1141937959.669769 
670 1943817082.475447 
680 2757933496.562539 
690 3913867474.892056 
700 6666546566.350050 
710 9464618474.032558 
720 13439758573.793764 
730 19088139764.526958 
740 32538572414.087582 
750 46230804721.867233 
760 65696408124.415306 
770 112049065775.621277 
780 159282059750.025665 
790 226462801187.334229 
800 322030109226.713135 
810 549598062841.947754 
820 781769745696.192993 
830 1112185218012.243896 
840 1582480706813.985840 
850 2702355800974.940918 
860 3846143662123.721191 
870 5474786642943.530273 
880 7794105455841.324219 
890 13316886155950.068359 
900 18963246131150.460938 
910 27006997025470.230469 
920 46160829561139.570312 
930 65756847009144.195312 
940 93682521822153.578125 
950 133482803084938.000000 
960 228255595703345.187500 
970 325299524488280.687500 
980 463651408517691.250000 
990 660914014185458.625000 
1000 1130638832981605.500000 
1010 1611999935004192.500000 
1020 2298522280630613.500000 
1030 3933284918256146.500000 
1040 5609469461065974.000000 
1050 8000706221997768.000000 
1060 11412328210480898.000000 
1070 19536199529819380.000000 
1080 27871644870409024.000000 
1090 39766956345759200.000000 
1100 56743831927975776.000000 
1110 97169978801215632.000000 
1120 138675442101751728.000000 
1130 197925446439874112.000000 
1140 339015040513431040.000000 
1150 483936603427607808.000000 
1160 690861224219832576.000000 
1170 986337261281059712.000000 
1180 1689946807420833280.000000 
1190 2413073639628455424.000000 
1200 3445869176097874432.000000 
1210 4921042948617412608.000000 
1220 8433860929143134208.000000 
1230 12046021914629890048.000000 
1240 17206382354947518464.000000 
1250 29494767821279260672.000000 
1260 42135382799322128384.000000 
1270 60197195985034305536.000000 
1280 86006744148068990976.000000 
1290 147467564191559417856.000000 
1300 210719806469902434304.000000 
1310 301120213248930283520.000000 
1320 516393793261056163840.000000 
1330 738016034691724869632.000000 
1340 1054812175481741115392.000000 
1350 1507678208562788564992.000000 
1360 2586111572083287261184.000000 
1370 3696818190669706690560.000000 
1380 5284842719235645898752.000000 
1390 7555424092293980749824.000000 
1400 12962517355497900736512.000000 
1410 18533641897856940900352.000000 
1420 26500497628497279188992.000000 
1430 37893858548426140024832.000000 
1440 65025861472975060992000.000000 
1450 92991466734069487763456.000000 
1460 132990536386811921432576.000000 
1470 228244330223265021689856.000000 
1480 326451080818575552806912.000000 
1490 466934594234144861978624.000000 
1500 667903245444443373830144.000000 
1510 1146493521123930412154880.000000 
1520 1640089157219718975717376.000000 
1530 2346292259281192966160384.000000 
1540 3356721505772771626450944.000000 
1550 5762992745730495714689024.000000 
1560 8245512718054332345352192.000000 
1570 11797910709941403641708544.000000 
1580 20257759440216382309924864.000000 
1590 28987707160767363752656896.000000 
1600 41481409041769173241298944.000000 
1610 59362215308321938986762240.000000 
1620 101944711313714429953048576.000000 
1630 145899768752208068885872640.000000 
1640 208814596305544220841607168.000000 
1650 298870637370626199110287360.000000 
1660 513337327116100437066907648.000000 
1670 734779370779225299397640192.000000 
1680 1051784187103228709845336064.000000 
1690 1806728741089450929917263872.000000 
1700 2586385336870724372701118464.000000 
1710 3702614804967441985259438080.000000 
1720 5300766693312563610130579456.000000 
1730 9106778476087983012222861312.000000 
1740 13038394586134782380989218816.000000 
1750 18668000875417464337669816320.000000 
1760 32075019740919369590215016448.000000 
1770 45927079191163753254445121536.000000 
1780 65763449233912786771054166016.000000 
1790 94170320307794888692376535040.000000 
1800 161822278676136426755781033984.000000 
1810 231736655795220360471211147264.000000 
1820 331867264066245263768273551360.000000 
1830 475277446442894282239621726208.000000 
1840 816815953528860219646343643136.000000 
1850 1169857056033872240303755231232.000000 
1860 1675537205267520550811308392448.000000 
1870 2879845255827566635756808044544.000000 
1880 4124918784995630227394456977408.000000 
1890 5908455105918889137301304115200.000000 
1900 8463395493769073737817179291648.000000 
1910 14548178074544715373738001956864.000000 
1920 20840265119278549529090416705536.000000 
1930 29854489677002780765076185939968.000000 
1940 42768864853827607533146674823168.000000 
1950 73525600619133520945943611965440.000000 
1960 105336676935977169454722782855168.000000 
1970 150914841292956972507096544182272.000000 
1980 216219809239757373365926242549760.000000 
1990 371750304020886983547973154111488.000000 
2000 532643836222620421956854635036672.000000 
2010 763191169196210048138427722891264.000000 
2020 1312265657003743548513182002708480.000000 
2030 1880353865690271761606763029200896.000000 
2040 2694436483445338933646629193908224.000000 
2050 3861061766996828398851786494967808.000000 
2060 6639526804859697372501925873844224.000000 
2070 9514730596452976260073111125229568.000000 
2080 13635340861210363405063689984802816.000000 
2090 23449132816789525896484750645788672.000000 
2100 33605957236436193703405883871985664.000000 
2110 48163229755414231357605788128378880.000000 
2120 69027904449129111613424288221102080.000000 
2130 118720217975073386743566283057397760.000000 
2140 170158249027945108759649583364046848.000000 
2150 243888214277557959518721434240155648.000000 
2160 349573107454774427735552684453789696.000000 
2170 601278632858983349899638715143159808.000000 
2180 861869483325476297154815929417203712.000000 
2190 1235424970072237061656065590297624576.000000 
2200 1770925540469508483704650643286261760.000000 
2210 3046312461749616816344472401314054144.000000 
2220 4366930084025590091886513561230376960.000000 
2230 6260180315855295795299400591586885632.000000 
2240 10769298775153219240656604762831060992.000000 
2250 15438866736700716500023418887612661760.000000 
2260 22133596578462692178248261945050267648.000000 
2270 31731972142017244017520431840131809280.000000 
2280 54592352957600080380751424136396406784.000000 
2290 78269700161387366565073243047903363072.000000 
2300 112218331934786541590456244107617501184.000000 
2310 193073826311263951936721029193495740416.000000 
2320 276827920828177265541260917223609860096.000000 
2330 396921338448293611711359489956615553024.000000 
2340 569124134927705988650189592328251899904.000000 
2350 979261627113289944066949231237505482752.000000 
2360 1404161588348307457249725059952021602304.000000 
2370 2013461073917710251950633425873106108416.000000 
2380 2887201662948920854850129990691319709696.000000 
2390 4968209646535182658394977837374762909696.000000 
2400 7124412637935979142627421972566418391040.000000 
2410 10216585100873443460904138229816341037056.000000 
2420 14651089651815294185744323402908722790400.000000 
2430 25212897408303793717924310731954560434176.000000 
2440 36157774863831892905308063769401367724032.000000 
2450 51854676670238708072922297016728470683648.000000 
2460 89240633857146182427607157728124484976640.000000 
2470 127986243551050368808011652460605113106432.000000 
2480 183557044895383561353634883447013586763776.000000 
2490 263260610090822772954745908882378913218560.000000 
2500 453094677170266703721914438275323538702336.000000 
2510 649856907878218220662292002603084990644224.000000 
2520 932080479842439251271654445570457876824064.000000 
2530 1604268923572541189261118575896813329448960.000000 
2540 2301052183339887851832005216790000724606976.000000 
2550 3300520968829078797054935553428030236917760.000000 
2560 4734184767293889646596092097774133199241216.000000 
2570 8148839876606890082840426470672071384891392.000000 
2580 11688847531670765401877808925992337832673280.000000 
2590 16766952267549896912715583432891154768592896.000000 
2600 24051548157772260616342266937949434830389248.000000 
2610 41401837402249023561531564464433932911247360.000000 
2620 59391093806576325717942931319752080016539648.000000 
2630 85197991949893002105612308239899411095748608.000000 
2640 122220392150009707475358912703534127097315328.000000 
2650 210399868541933005851211541757531096493326336.000000 
2660 301836804042655819024047726342475677188489216.000000 
2670 433017114146402233392878169049863173473042432.000000 
2680 745461582660843187242296557291355372754305024.000000 
2690 1069474104528500936824932774864180138767024128.000000 
2700 1534338849356445165438104493845883603927433216.000000 
2710 2201294999664277085553362154923582892944654336.000000 
2720 3789853063529336939551099706300098078509629440.000000 
2730 5437397980230042399740004791764011944624783360.000000 
2740 7801276988890522706494539803863961255544881152.000000 
2750 11192988545874084599899864659453533877040054272.000000 
2760 19271406374478174557723182150023118510442414080.000000 
2770 27650641706964963304336692093003046956505759744.000000 
2780 39673697729697491394126523074813612829351870464.000000 
2790 68310428739630610564742093420150111337053159424.000000 
2800 98015706650281009571028271509013514819756621824.000000 
2810 140640330740153196702549373293774398007745183744.000000 
2820 201803912958619452510280236211840824710388514816.000000 
2830 347484945616583715497832304147629927039697420288.000000 
2840 498616426391726611670811901400290854682499219456.000000 
2850 715488329190164839788404138568363398207866142720.000000 
2860 1232040882866595119372272369602272438178860236800.000000 
2870 1767957203483193238695874645075137540319172624384.000000 
2880 2537018587987508694585094646855008478520510775296.000000 
2890 3640665568221789905873185034431120686892498026496.000000 
2900 6269376759102187541749827054374015509416198012928.000000 
2910 8996878816462124624750126405901664630116146216960.000000 
2920 12911137331028646035577834071391080562086394200064.000000 
2930 18528583709763680833673441565674905352006675726336.000000 
2940 31908489966073910665703454332411537708107106877440.000000 
2950 45792468870972465784149863178657782815478993911808.000000 
2960 65718381024910440180767557393670279395550034919424.000000 
2970 94315834134726038359032460874748267811976226275328.000000 
2980 162430856202412681754246529011004133616869332484096.000000 
2990 233118157317253556076604442040693185109597496541184.000000 
3000 334571179497099279691918037453990852966463750275072.000000 
3010 576218270799042909714836498743278470967549841375232.000000 
3020 827006779402526577205025092286587069763637827600384.000000 
3030 1186959433488254623258682460395240152186405330616320.000000 
3040 1703599145365845961258298846501821210005058202107904.000000 
3050 2934167457521597432298676745071421981052376665030656.000000 
3060 4211393293340571854932974294245705407348594190581760.000000 
3070 6044652577767669519458450479788736963922125557596160.000000 
3080 8676039001399229086468907675944980055234910644862976.000000 
3090 14943676967436193318629805864785205457490102978609152.000000 
3100 21449479050026547405120278111317596868981134528086016.000000 
3110 30787933925707983229969129805186408913087709195534336.000000 
3120 53031032051981593794105316179358835233678456747196416.000000 
3130 76120709544879855393204336982814290104670094243135488.000000 
3140 109264733173200087988632494219073237448950505361375232.000000 
3150 156841719893038352760796240008958710740300840180908032.000000 
3160 270164825941024759954097000254159525455495165030432768.000000 
3170 387810102309546189998091020611002343575439051939905536.000000 
3180 556690426268887822960018960998877099077893846657400832.000000 
3190 799121254138380142252236264048730421103334612990427136.000000 
3200 1376566272769802381449393755516871093919751323959427072.000000 
3210 1976080182775161063904226671700815835529549128535113728.000000 
3220 2836718335219376893919767099408039313078811212617089024.000000 
3230 4886673280635872053156630180501673378584085641545383936.000000 
3240 7015090978121414808524239466860359629275884276181630976.000000 
3250 10070648761968403272965590902799079646368304799231770624.000000 
3260 14457250373826050306431921494962731539902005834044932096.000000 
3270 24905730705671235564758909836566163819235193070104346624.000000 
3280 35754909993230324045385809186052265028171043201613824000.000000 
3290 51330574748985264971332233499062894702171885802685988864.000000 
3300 88430447634098001054958452920480322448670593672596684800.000000 
3310 126955132104252443576740729562296439580054586046193598464.000000 
3320 182264741510722179406972335321755716225269849963727159296.000000 
3330 261673055986205735221559516177276363249089918140491497472.000000 
3340 450817235345550818341535717764507876986871946024042102784.000000 
3350 647238977807367226799982178327581260792633231788048646144.000000 
3360 929250246937119516879637014225731490735454947959120068608.000000 
3370 1334149672366090567643120583312376906681147834538968219648.000000 
3380 2298589892882278699118975765980859913596391060640851034112.000000 
3390 3300205524869877010612677688550795906585680494503206584320.000000 
3400 4738318615887918252418355511949630199875965957235208617984.000000 
3410 6803169486460912351207053678590846275878515670650684702720.000000 
3420 11721502966346756651067333825295829987200532437921400094720.000000 
3430 16829754467048310268752149455959779077172139684550542360576.000000 
3440 24164396303094747846265079717290880463333087919003280605184.000000 
3450 41635044714481548639993081657534662308750387946362261995520.000000 
3460 59781185603470982178949083663978210990756545953069640187904.000000 
3470 85836823981861493628109766376079406766751643317058819588096.000000 
3480 123249839703236151963537469867311380347740734870733130301440.000000 
3490 212365477429013878984875776519891336858852678267988061716480.000000 
3500 304932555313956754650116004548870946633191540285446446645248.000000 
3510 437851874391171002997542050729966462663724271044351387238400.000000 
3520 754458584452788529899353377555982459908565245018304677937152.000000 
3530 1083342683762922687863215407092062469884395112029698564030464.000000 
3540 1555606647248221350602543226765583686449976731135406684241920.000000 
3550 2233763506101829981604606276851932988574766137486882019213312.000000 
3560 3849100801869838024632602759858689628101605822129173862285312.000000 
3570 5527179371075717375664748917241440593924012611591435905400832.000000 
3580 7936906066085963696180270680039480509744170185308219304312832.000000 
3590 11397308679697220861470343433781904953187441102329675343986688.000000 
3600 19639842320770245234468126439703171035254223946980462325399552.000000 
3610 28203031194184737232634502024872682389746172325248867141419008.000000 
3620 40500176074199007639591164907900948835404011180304162531311616.000000 
3630 58159591702656752342677931516328938668054766406427326399119360.000000 
3640 100223676200034421117795866492386407779894816563398969628033024.000000 
3650 143926690759068607585295916570699486309110172082819825831772160.000000 
3660 206688165785026373507185625683459557456404121856917341755932672.000000 
3670 356183970297024464631209224834455906093934451581137291239751680.000000 
3680 511511153961159290349096793421477195082811181882632017918558208.000000 
3690 734579920751437687854435989629888272362502756114633188045750272.000000 
3700 1054936180438292626187140896634542947217507414444533806119518208.000000 
3710 1818016162932321583608276460877355194201618690535712333519388672.000000 
3720 2610905793173290805664976992302455633316269989153016796642541568.000000 
3730 3749624706535550717452205312243258462502360128133700014101757952.000000 
3740 5385022520675065155838211426878112284385885116471608802443001856.000000 
3750 9280504733588136601098917719354488082317645139430720870551650304.000000 
3760 13328384460144849780917475618723612467403704004123895712544980992.000000 
3770 19141964146826609668003412786804281829361718996850257937181966336.000000 
3780 32989807929583590793100469841732095124032119210645228452724080640.000000 
3790 47379979565432433461320110959503913275116913266100280436935622656.000000 
3800 68047625400035175171822204929719497636017528141460229098894786560.000000 
3810 97731392716958927933557403121153435327003508402779637940022673408.000000 
3820 168437752803703266325228687808762794614239130021632650795699666944.000000 
3830 241917073309660991114248989039014866822813218372781551897926434816.000000 
3840 347453396598070517998165582402473786920704342752824704905091481600.000000 
3850 598839990277969814320666482003016445868492087019946767707044577280.000000 
3860 860095571667863136754550784087721725114114079536294489722191872000.000000 
3870 1235337267784444737896561120519784128323084324366932918811580432384.000000 
3880 1774300909021983525532622368111314205957623098397691325507348463616.000000 
3890 3058110243841774815299777749343161030373646683127958013170847580160.000000 
3900 4392387267843565256345253408132663244186542533366937756320711835648.000000 
3910 6308861099756352467889725912652461650281558902914496623073566916608.000000 
3920 9061584576926621182031818424559216060536540699201626063700441956352.000000 
3930 15618574848144310989530015163959638998877100675041443112484683644928.000000 
3940 22433664668542416436867578987311608293581433945497088740321314996224.000000 
3950 32222693641176712460919598593500500382028415868395974137825902723072.000000 
3960 55540206502564369302345829352428668969824760215030720175440884924416.000000 
3970 79776441714683597198992461551221753226765005436925468596123664908288.000000 
3980 114589437703961911690312043982549854482384586751504281533041745068032.000000 
3990 164595234452403770329640256804240910034255166567935593690295189897216.000000 
4000 283709513762146882754405061355428669440514775660030133292850661556224.000000 
4010 407522892644793210995199354364504249746957219748363975828984903499776.000000 
4020 585373181996254719051761742107669194675899101575665372476834624569344.000000 
4030 840845726159139605286186802994950925755898483327092580575499125784576.000000 
4040 1449384926356887049817480168241309798993281037046778981353324137152512.000000 
4050 2081960925618311221724889660882344544722783895810808911188845161086976.000000 
4060 2990639438397281634492843746753806325169609619004515592227544302092288.000000 
4070 5155127591663122262920670936704183222360798713628643452006094153449472.000000 
4080 7405189165038189319753628592751104767568563392952853572923668977156096.000000 
4090 10637400339448645816057998667522532815590940642794494136740863962775552.000000 
4100 15280495865285274220173398003206181486191758960883749254470266465026048.000000 
4110 26340451854226705277647083655825804602846924503876065106567057064853504.000000 
4120 37838186959898820346384215408458349839413780182616076473345837553942528.000000 
4130 54355059473441961610918879004343002250318486827664465429089688995495936.000000 
4140 78082224575559628620345636125467018194512250902875775552545672128364544.000000 
4150 134600960989939383181393245623191951162126006323407987632371973494931456.000000 
4160 193359457447061864319244384806766453403314941429360221619766320626139136.000000 
4170 277769902647339851617179797094650268516450795143201010501591783327137792.000000 
4180 399031749193558549625010343003803060866283660373846014525208103038746624.000000 
4190 687881213856636795075220378704934981064673598171853821504972596407435264.000000 
4200 988190498201486681752983522341361475860843148908229072818762615877533696.000000 
4210 1419614283578927861141621395368799763090412979705246574814594097993482240.000000 
4220 2447280464597251589419311103245457355993475465556152525318344057051676672.000000 
4230 3515752701912896285593655427721348892656435232505589116105141861732057088.000000 
4240 5050743599175385248441059605207462175290638379092702055793294537312436224.000000 
4250 7255957675967073806699516882681592069745799474992429943763950055505002496.000000 
4260 12508862248523693440649474239893453721074405939528474917379797210231734272.000000 
4270 17970577186535552079719344559729280575105690525721367351058860631058808832.000000 
4280 25817169396652568357038780433428703898750040721492052880002659162626457600.000000 
4290 37090064905404567362799320383278885955068985622333765968437905959562510336.000000 
4300 63942581856674344405718288929071822820462622177794812664654207023799336960.000000 
4310 91863681415861364084356033586692784515067063233326335035514567060327759872.000000 
4320 131977488982720320314076792485845726152488897425478706264787902204443885568.000000 
4330 227530410223850115997818159581289484968804862010814747015837692028103163904.000000 
4340 326888851149558581450788760106210517898512264326585434928975353157464883200.000000 
4350 469637830890806123689876963532482780085505909315402256419281497168224976896.000000 
4360 674727379135316557551586636448810122430590317860515159513788036977877057536.000000 
4370 1163260881730449918426695703119369704725190118735300594793053176040154726400.000000 
4380 1671271250539548309421509811038326955631087823097311129006919568753015390208.000000 
4390 2401148526779313795752201447655436752575585035776377330324385518657090879488.000000 
4400 3449795574669286988081943721606363582882495580125966682843650980886869966848.000000 
4410 5947729187339734427906287836084254033828457394203298590797601074552326062080.000000 
4420 8545352813427157249464198466044561074566493427805807765762420147576545214464.000000 
4430 12277530833570525740244811180601494590337165722221269531327678673171945357312.000000 
4440 21167790459954092249426322620847443499955464576504637840687260054346755211264.000000 
4450 30413120246975352831187006852199745198610175306037684365421085083238152536064.000000 
4460 43696698332536018712614957912506901673527178318501654902261613495624361050112.000000 
4470 62782477718117051307230226387415136457296513068345830229473403434214895910912.000000 
4480 108245960522611895359502429910779396805073396862638710710348232185926893174784.000000 
4490 155527024631445408630938863320015840518798688607228010275831982883752890073088.000000 
4500 223461229013252762382221749455841850245471121853187817300969065094442632871936.000000 
4510 321070679412995541488590904160325860828843353304507666191926590730270461132800.000000 
4520 553582678032649205015535380817431363592983448938133056140607214703774892294144.000000 
4530 795399323430280460286907108300266630345794221293921585557026348058354896601088.000000 
4540 1142852173373520620461723251419277813189994096210072996501566457293891449126912.000000 
4550 1970508229288088848683285720071176038113003115627683166063976827867255334240256.000000 
4560 2831309192886278245944474517249088932427028522970085829661391872353339879456768.000000 
4570 4068163826253586730142018697808380929105548665730912668512348231296891375058944.000000 
4580 5845365176943056675810695126014719958040961284057127174561420215992023001333760.000000 
4590 10078784946060258448183105030574858770191639615019573480835931387176008219099136.000000 
4600 14481899344748173324398389615628700179432481289257792444458269540600333398441984.000000 
4610 20808698756770449089988331096732589549040209433584019730137446611825031615873024.000000 
4620 35879601516874449797065794051164520466518995141687616531000351624300393889005568.000000 
4630 51555035203847484511435895171099505194370568127093132853592814475221495166533632.000000 
4640 74079252315317513631942127831361306629555977556581618247549618452689543678132224.000000 
4650 106444716627049224704533324719354099321107283220526107340514133437009944878514176.000000 
4660 183541756892751619561411384410454139842963909239322802510448484031036541261316096.000000 
4670 263734176780626991652955971563866321900762504097435655142269614445249672974958592.000000 
4680 378965724823750790579360429151017403686177769001374605756847299375496400778297344.000000 
4690 544547081655078309318961329529936926974206006614165429626400632794371669784264704.000000 
4700 938975277700835439629056682659151124421505608739954429466672277506642052286251008.000000 
4710 1349253647567836794844988402258671853265864915070825956681158503695672529398005760.000000 
4720 1938808885608669356834180574114555807066391655820666688004913140893877428268564480.000000 
4730 3343178748802269639758214823659401596068423171818536912868218889796463501667991552.000000 
4740 4804020906293102006884079254569001373390233936679875047765672911622435523103031296.000000 
4750 6903226337018425144794657284606761571289067435936117770215869687973402187315281920.000000 
4760 9919762216234173061852330712248300176293548482831206690537059689417468255531958272.000000 
4770 17105413368749206090510841762286092398196272012044674220020876629966456854375563264.000000 
4780 24580264300682940783103206672413144505075517282959762792472960125960401267718094848.000000 
4790 35321685855692495754839302042077935993813472451117091220267141196507465586688655360.000000 
4800 50757262578895519792575047683796927587601637367269297527375246589807943500504760320.000000 
4810 87526203486392530625871578624208063161935447706839584718456443577962540834341519360.000000 
4820 125776243958186530043936927220836574951317389280435106109681526775141239433709223936.000000 
4830 180742806239540077780193703542950107788984904626617544725246121995656507803412987904.000000 
4840 311678272576929942263439123689175467189461822979741999703402630929576661353152643072.000000 
4850 447891317263739447328735812824867311269250661955533038679121962556344196196284235776.000000 
4860 643636411527393851129152661273823344709600245549377122638765061120242667244314689536.000000 
4870 924933277781485907564899011108402277052514029394317655397987706533264041984779091968.000000 
4880 1595009530560156204380016160642172073661530845093643101011808618058171644920285102080.000000 
4890 2292116763608000250431388994448765986226155538593967727146692439747780457888510640128.000000 
4900 3293912123244264534544909382116622323528344030521070590133428862073124438776569921536.000000 
4910 4733573104569447944270877991436769638796524699878206842279069449145304853767843217408.000000 
4920 8162989092965818447702184567463348570341447938662256350565774533405840690212826513408.000000 
4930 11730861081202646452997279379627478795579352516538300027289753389899788416540804644864.000000 
4940 16858244735646509494441862028089948527330124135086157517347653655849842982533497618432.000000 
4950 24226830254683131153127790773694101635901935168094091048077590845253795162406430703616.000000 
4960 41779559532709480191809592303707314090851443661985719553841215612961294402750091624448.000000 
4970 60041514291551316619128868576706171275988236943405481470370891711966009164184122556416.000000 
4980 86286166569097556523675997041037223421843716946171625100017634977069745874904597659648.000000 
4990 148803693245672392241412580822116910951745059997340534416006390419063295718298245660672.000000 
5000 213848763653115356382269856084321372771375731712381119247974551025357750881207556505600.000000 
5010 307327564554137460734188501071017630655446776156664835870453532599990514657711165014016.000000 
5020 441670115912794480857563196093404781500024712353313380774975934208582644588374269100032.000000 
5030 761688652280759917955226663029284800629251290470679456931884192929135632835484646899712.000000 
5040 1094655406071510392987886897778409621299272427634075873908446471777413591924996147511296.000000 
5050 1573182391223335781381816603625146545190531863224239722085348774080834706544761988186112.000000 
5060 2260905602726611705624673476942389383291454193229843326279050122985411124503065537806336.000000 
5070 3899139073344756785718311493209624846334931204016508933963234845545964597023636159725568.000000 
5080 5603707588325432664236764195337679160457198655534122125553915876661649304221992911634432.000000 
5090 8053485609628123776689749751316764991830020720954030858773105525304179777091267578560512.000000 
5100 13889136030226629401518984855338243218428118428138283900673924059625989046981694087757824.000000 
5110 19961216245223116735050679151377837550079207497788080977982043291341236816155093164359680.000000 
5120 28688010474417328831666448061603756476087477591812897481315849182889761473290057350643712.000000 
5130 41230207337298598301684428849357927043764122411890415064104097076568554726021787558084608.000000 
5140 71107187781229028271276005442442327721575118525215162151593364786297910216448197980585984.000000 
5150 102195526430553546875124399389012055036303885066421176464542089765263622757552917189754880.000000 
5160 146876361251983670137106409914984454333204209984045510822875193936598700237272032038879232.000000 
5170 211092865516463386908972396993818554832321117375029890419428623821702142024820726578544640.000000 
5180 364064285398150058503318758718721465971647686796711635280485581285560488448284084353892352.000000 
5190 523242450447472191992060038156904087801420846847239727489597772173198640410766826738286592.000000 
5200 752020149600493625808811358248670797962820976294520266037659229087093965865082099947536384.000000 
5210 1296996594375093599668848765927865079468351077537122546006525158722375872060264971941969920.000000 
5220 1864097174382240909586636968420180529056493687067575948854400726131637220463940915060277248.000000 
5230 2679167426636042448518889825377031885582760232143004773209086911621437005713844043249614848.000000 
5240 3850638497096213867799327955105183756276861144738557253082536938397331041090186052301225984.000000 
5250 6641229221841191099996810520318135622421992511151281941677128702765851636939058696710782976.000000 
5260 9545188768122455473259653311317663670015083386770271713769742232035281984740587620936974336.000000 
5270 13718990096746825985222294554933805908974445780810613555920731318906125458696461795375185920.000000 
5280 19717930313023404012080715217681445939083979847555613241279549902509815133832768829068935168.000000 
5290 34008174162281011168982395957588736425012596832409012586868463972044813180741447969602011136.000000 
5300 48879371229199391314466747147707041206397942198134722167533386572751625752264942202711441408.000000 
5310 70253740347345042851691419335709193505845209111917295679619456388218518405831452191818252288.000000 
5320 121170270727463108108961857766997987816301565899405688926214174063087834037170589466250706944.000000 
5330 174157825524560234733657451180674289753707400405003342742143335537987105733341409369567264768.000000 
5340 250317629690572006817006176213745437479928184379466789662827144340222256489878612109128892416.000000 
5350 359783634651475357801790996503191007091621660915881700661405954141032650727603570396775841792.000000 
5360 620546221236312443024153116058230038714193363915445211533843330976140671535667259580499361792.000000 
5370 891922524074085155617967628540563770006592620851777549910590532316023907722154333522207178752.000000 
5380 1281981132819961938799658791911552092275910932078630547034917060130536123218536512340581416960.000000 
5390 1842627872499448188555571689179107363966791394103306959264943993788659814147315563157950300160.000000 
5400 3178164554674586181605342337492551732983005133010337840154744064449918285929528269786736230400.000000 
5410 4568097519149610407421649928669974774824220760320628501479180663163356307169556469144814092288.000000 
5420 6565923785103254019085155025961355504877207792582129487821004523930740395923413240742334693376.000000 
5430 11325021427833715155384184958730802255661174973242955757682766425269346479839881478331191787520.000000 
5440 16278052859122704489143788173857796046911303959476470890094030973853763309527826386082773073920.000000 
5450 23397386217347260034306132852168488232930771389861611046085042155560255836603048663225372508160.000000 
5460 33630528762677075529758929325467818702823667213476926831807590520148090327816905218080574013440.000000 
5470 58007313204830176109815521347926280686466162561572338627228322684230291885589028570327752376320.000000 
5480 83378103043357087683966063546223945966242718306950984949458626560165560600351649044849183686656.000000 
5490 119845771725441726395907799189117380342323035721072344564006171930106977841967074317315258449920.000000 
5500 172264133273736151906944502428160555418366308607483468977991185784811784567023040223287206477824.000000 
5510 297132181982669352194274937298982250981044832135303500968140128587404271869779106693415564214272.000000 
5520 427095214647376666034550893705949226790336709746181743946752441531376610021177650686320720216064.000000 
5530 613904962454898495412486157336335607355938323022030651725868004401166570426555939666630830718976.000000 
5540 1058912923600266175399329758749462717639555585482297504641652937888307053886831117267719419854848.000000 
5550 1522087160319368806985757253212107346637457201936879501817415422525650288677845574707509303705600.000000 
5560 2187863414735579459912335351346664707850527826492698074864844695890719948569435007172794889797632.000000 
5570 3144867081630263323940596726400005786569606231843861208219235568731144563690017938702140260220928.000000 
5580 5424591374126597131914892072069502637372767355802566749953307790769083453146697259816319597936640.000000 
5590 7797437676511665507166381362002022075420243408190129134332321876228718380294914437484544224395264.000000 
5600 11208259700744273516478426682665130608373646175802222607464158163473571109765819246027683668164608.000000 
5610 19333348926536373428062352621693272793739665456252997158907173369522218130477739279613272271093760.000000 
5620 27790485049164428099588736356932249394436189217809083526143776841079017414973754430142505033924608.000000 
5630 39947218013780544179230829009610364245284444166346761644306595210721151441235704108189637224169472.000000 
5640 57422001045761788459940303119733986173903721956408593523842604570981967239194582270671217707974656.000000 
5650 99049597957650737625537336854747587826050595156556998350219304945792093842148234857784616899575808.000000 
5660 142379422089175575683754419409521512422647991829136552138455546644628721817492088260503585041678336.000000 
5670 204664769286551759586279576343830449107301079758836244103016296618140687514411568703858318480769024.000000 
5680 294198399358380413630003938893983668717648264673825855262025812569693966024921266123508975923101696.000000 
5690 507481380981362557570724336607453273351421472347903033227390152824504571867278381926298141016981504.000000 
5700 729491130424124003993855265873000586719562076171663470539609138525558129558635561619720623387312128.000000 
5710 1048627530441324459633321020462275466364688031448654182392013908447439281843057880809042218393272320.000000 
5720 1808860490922072709106207610204748034572930341067588195024398489804009448161038370498210418946736128.000000 
5730 2600213279644420310689890807271946731085203230233363117142821381863169099618999245432354405030559744.000000 
5740 3737783939731022604485627849280940132738413020760320990883818815897528165467505260116956536190795776.000000 
5750 5373048162391335430176087392911201636607072080658824373056172286044311196903581780433870086276644864.000000 
5760 9268508080575616886077747554655013782676599585036004460793516377045601713792388007324980601004490752.000000 
5770 13323520524652115184532993491600659699269702159565984735663975385496478341199194671267170316955156480.000000 
5780 19152676010476659820687388579775401297685932383862016667325822092492616711119316944421277913514508288.000000 
5790 27532219858035811656439483435065337917017015829278294812875467271966967840156847254359424206018445312.000000 
5800 47493648889508542201910675836478520212325442635140142592042759247231854036814736301477322556599959552.000000 
5810 68273142090181541273395819279112495892559274607638398560047248172511377190252814041904288130150694912.000000 
5820 98144401376324833575833472708265106304390534741474187093087115575620647772507583684351567080022081536.000000 
5830 169302627600670387442260111140094542480122811025974606530063546111291783961101173502526940754921652224.000000 
5840 243378325222503232056145871665680305735105538498577762896204547362568489388315396381979498913644675072.000000 
5850 349865703228396991407431080486030879890866856895127922916118524580879720635748603843198562473502310400.000000 
5860 502946874425259703195790369214282264347673312458294299548926187096736530382340759580336639249720803328.000000 
5870 867611633119946032329100800686404875329306839399689443684980484243424032833971030914773891103303139328.000000 
5880 1247235988566546636377462906969389969612107887694867609717543300238605355689585267326692601682710233088.000000 
5890 1792970553967890967362504281515242151060401142133220091349864936443874978234368164206042500164619337728.000000 
5900 2577501534105345327393710813346476070606838208760510125001421515394680861731852312811950208281730875392.000000 
5910 4446386402993731375654765285361959369709955084237565516204113241529452849798511819224325772653067501568.000000 
5920 6391980886103352488615001498270243116611321605266694677802870406841010043860834825567978006106093912064.000000 
5930 9188930634111553710771489873264310384664685976848134669405964735501420266605059232646254535855029878784.000000 
5940 15851740701875287392473330684853938428703786906008181377133690655008103558874147085849927670595867115520.000000 
5950 22788142735048608243811369478556211958011411795657063201158764206980638025368579439870337615041757446144.000000 
5960 32759866940010376536205259703220679045861461252556913989692159658047458562466582487439279779884570771456.000000 
5970 47095189621142079836975683710356957447306293837929541838596263001430502913435386137932108842688531398656.000000 
5980 81244399896845547324566509269313895967172127010525611024352752657432836070328497419269889723475257458688.000000 
5990 116796623776621946795580651019753759885252831739718194775882443357545906521380262444895680140782965096448.000000 
6000 167906826348490785833920458176990437659896598461349119689434419524407483137411402286679201013638218383360.000000 
6010 241383524078704149127854737426734167135477212183703628084951987926177557151704060935454117073281798373376.000000 
6020 416417854659599707271953771766733211664879604080258599627027599205888628298390804847192082587931732082688.000000 
6030 598647280037494011899868681095177292699515473397683283912020629331906505608884024259330452760676670636032.000000 
6040 860624844741829361659226678697657090685854038247919397802844810415749981466088573469677839148965938855936.000000 
6050 1484701616517117973702836766789890739807940747962077126172070168323107766611637209070793825538220048252928.000000 
6060 2134442324032498043726709852586593893437045309882014136545239345645932368589076060404734890276518663028736.000000 
6070 3068533360331211607837904954377418202073263388179353198036794420501394373232044738627573574485772012093440.000000 
6080 4411420460047976595649060707347416567252971280981385656625813126532790813404853547442053466527924423229440.000000 
6090 7610417421359620956721504776740591682860163127678335156052800607617564726759380644113239751190872351309824.000000 
6100 10941035511653439910583773259714041403879220897713499766026223854102386294233477447869265918134138230013952.000000 
6110 15729305390880042680829777382998537988706287689549606528577149657488867065535129224545598657009000646705152.000000 
6120 22613189633451644415967826564121275075881838635265364066639487513784925545232552575493140857176232166424576.000000 
6130 39011846840402159120493926711531322676046107813730488993839218402916321243638311413572650428364264728166400.000000 
6140 56085565870262883209338276937519160278908761518019996743153495545795205749404398046487383527289679377334272.000000 
6150 80631892555823233762726111500139429121484800155990879947882713958745813877928928943349911125301546685825024.000000 
6160 139105722175858954199130007150831139883286683900015597309976586487080814090984359307895052971228931528065024.000000 
6170 199987584771071631190497275888198413664484245365589611680071781462657805321446301047060443852952786633228288.000000 
6180 287516131592873327617815775848131512210832790870411560222446226133941933643711824660933457133314626256109568.000000 
6190 413354371303952866952514671953970986313427626334628782715256586771642436812979829344604656498445400525504512.000000 
6200 713124295006158160755035473569789545531568358975602533230882941283937743854476748500912730648940405241937920.000000 
6210 1025245363294993274671489510414220501394638115668725116466779290619439856483017829884148820715818283289280512.000000 
6220 1473979764804332802673963623854028598532564158040054580429124436532712352297915755991648167456235285022507008.000000 
6230 2119123909776356735705265222218110218278323080668158109777659649268689803094752685565091210332866585865224192.000000 
6240 3655977773098441461313803842057170962585403075049366646930485390055239199596629575143668705159106607494201344.000000 
6250 5256184620672508045322409961675233525529566533148896281145178180298326394602790174993284235959352936405925888.000000 
6260 7556814950134680838168519907586037835597813368756795060466640896171346390442563422351288297609459241219784704.000000 
6270 13037349796949289785716154735792316665278381335163943457311970998345232168242486570820805554622264847382872064.000000 
6280 18743889148266323752358506499825375270148044845807545209076955258928203034739552074781742563938998582564093952.000000 
6290 26948289086156457324356570915850589898092634381144117410119613879795598511430496013835941652772406207430262784.000000 
6300 38743940196164450234611133343750905492583002095929789513370060194887271461417393501557524088939532459125506048.000000 
6310 66843427982110526361669254049432431126147247582147732181165127583655095625149144011120228578735542485571862528.000000 
6320 96102234816296448265595116617897740944165627214568844646589312239986428289995191166794949114007217493434695680.000000 
6330 138168596942838045860292010945005096223309040862472909898215190635889397663962902230780027617359897104964648960.000000 
6340 198648958186002515575085987715461117396361828267461199973323507670830028516117925624411608442263729606469091328.000000 
6350 342724824325170198411228069629093843820958881295160505172905829384924559965034016029778071387281453740839665664.000000 
6360 492747766311724152546842867592578620166264030367041897432723166769509182291370506812769258602546287365813436416.000000 
6370 708442879615592955369980226027275462521314707171692345162179857641857770371569702497838668193458156998955630592.000000 
6380 1018558753349575776724329333360308141895604347395555073679018633232839598853653028844142560642232131721132769280.000000 
6390 1757315113447169722528448275727395309819698167965427733267025978835324805104012725105471465497892533790943739904.000000 
6400 2526579804448202932298468060766783206746749418409394855307732504029928614961960993054248891979644994453948596224.000000 
6410 3632598982623285168037508795554614433867226860167143741970600345688921899943870487612668338054827194639200550912.000000 
6420 6267353579510845301923740801549805933904150096834705589012146526697477637016758253721322679853064760713497542656.000000 
6430 9010953401848451040783156125884254533724328610107315848256045098264302461156397298183693866120764853476615258112.000000 
6440 12955624183431108363405916725172601053665499639582065044036520930881312159190993872485563105966581209394613059584.000000 
6450 18627174640561826174061762863301693307172711060302014443654902794838149117687448716052837208895407974594295889920.000000 
6460 32137931529566368131944759193853604644478429586448987954922371687483562708805357183397321092031040464236864077824.000000 
6470 46207093395809377909143407519393460114886176299525017175047509599784257677138841621653090658500409197997829652480.000000 
6480 66435532062465263664112896571398202548055647889815838660563670694780450800158076672186877679993154214482048712704.000000 
6490 114623710964990994124929986590964683617810696049688503095062109619782151154654388787719582546574710064280628101120.000000 
6500 164804208189328604491377961978204980532567672176576936560073018632397318474406127166371583799844567327628599492608.000000 
6510 236953515929959692523330070647698539553383051697304947568609753954271630168556469420798791996850341579974869254144.000000 
6520 340689730031938815818602825271431303297497661477945469972389762348032232754055866542589039642266301701107113525248.000000 
6530 587810303968856017787808514763846486270306294524406460314271831115474779683720061961043849452928808038628524556288.000000 
6540 845152576523464364264553336772502872914897879517317964020170330085178737982463742223220386076425849112573964713984.000000 
6550 1215161664874860576137490219091102203693987249601923756291178975737714373883951483540358757716773153311874351104000.000000 
6560 1747165369432499650746723126342962230964801275459398912423398193032012052280426842352726531562569916485905726570496.000000 
6570 3014506474218584786295848658217224744073639280162197845132992438535680869244808028748641184420651613997170725748736.000000 
6580 4334292226780678229518172505131313101387665563495000883132341036387743577237084392131864922037412535448907718590464.000000 
6590 6231909819199541166780100244546893141676217780217138354638381118606381644269944479217559014336964833046109318283264.000000 
6600 8960353245785857445997546176020348990974851999632983339266345896449851172334337582651339179824027144397613221019648.000000 
6610 15460066066690354352273114019621800355909110041472512542030391082298724801321853175040313189843477264726689409138688.000000 
6620 22228865990014339753982173621435503168011578123880126517517688322994267456480777430785709628586104721335482413219840.000000 
6630 31961287136705826741611720256021790714158815297617682488620745283128644182392437273587971103680348214487740212838400.000000 
6640 55145927812272440201851634936368180621712286151385143694909363685133033627008498156594220257883274880861171171196928.000000 
6650 79290722313755106655422540446797431773981433802143028239921724138203564343601004421079313304145511269389347546202112.000000 
6660 114007200735791668448801935843696512636629905617017176543396888291569887759926646430386455529928324861644032104726528.000000 
6670 163924236577325820242053273062869379619739341833043402103643640573351770731499223691649426275087187413093793400881152.000000 
6680 282837037280286725692971494952972111375291780362368984475337582509607709583600423497416921000003092785504840379793408.000000 
6690 406676536485934294874348659901970153653591114711053028186883957715226114924267174569736283363395430947100163064201216.000000 
6700 584740161494309608979176704792796464106433318023682317828714421963971938476564242758415948949055349235501815407050752.000000 
6710 1008925140674295674587285341071650867746095128170236889469245680197416831359240611097670986620455084434024765054779392.000000 
6720 1450690220171104900579424015770663886664174969035059558727002131649474980959148353838921712727462781993744161908457472.000000 
6730 2085889914261363834719495390466177897058526039399344849166617766993506360730649104014532668630181776516203622179012608.000000 
6740 2999224975920275767294943253561845987542354801529592498627344190872643421059063860630852393290890990890066951274496000.000000 
6750 5174982742608278098111811566069651365247606943599410654240295149431169377371417057053552738815736663949675152705323008.000000 
6760 7440951517701691761420531152139182386717685932937484215925880521455311234816410296114267545032125883013009512410906624.000000 
6770 10699143051120245354938398101018090358850569399478719026329826038456330770513460900753259197497932079445626925967474688.000000 
6780 15384042150422747555561227043200393694086394818691650895449378019831090644927081851170300240138187231957581517396377600.000000 
6790 26544473695575301582355030147718520898783707544063087935207687064610695917835040509828066230166242826947661298594217984.000000 
6800 38167830296105798057707262433619660047681602198872979452183310843599429828754445433760308344978592765998963300100997120.000000 
6810 54880968321652531933329570089182002460312350985702044784055353609895368203269781398921172667574680741058534875221458944.000000 
6820 94695260017338691676509248477677717536826680339708589890843042044215817216403724197107434065958007537572298443173396480.000000 
6830 136161524100349153095862944478548061576818724467082700308059961843535618013989314631607147337953492094665030048214417408.000000 
6840 195785938869973198564688129999690292642761301518789677055468234744129202014898332556758172658282098742404476771026075648.000000 
6850 281520172780933096675672600127981505394996606264888256119524758635125356238677229514927632506201386847633505775735799808.000000 
6860 485757723217080230238269680775884687426173080030936511094498496959823365341871869101931844607661079385088865062751305728.000000 
6870 698472939325328352247533129595440524628924284622424333981477808081297758798729211716767928375219385885722970109528506368.000000 
6880 1004339112551541367603676241236162603004054980904802356821857486603817406020440513359388511493636222700888897799147487232.000000 
6890 1444149267946749031349020880753817161794835026209255306465762416772633355480048328933489906718392800037335773874770411520.000000 
6900 2491873283002715239083877514973275685928276878400479790993421475068957823076059924269325029000005489718200611921805180928.000000 
6910 3583104622375049771342395324096680445798813916092206326691904630084891117967892949398912490610998303889279201239283793920.000000 
6920 5152214484895868214231347023470768460285349258885014774975510717640751124650377388868626697216663086040907566760870281216.000000 
6930 7408482958228304673432893369626035948872514989423142010802535846453423104655447934657641133990386897689985057441890435072.000000 
6940 12783412070110621419980731515111115186554348290151086610325413110384054649126226612361158773252666517022195706182936559616.000000 
6950 18381626887394329801616855154756234831059081099237320336375490593202431836723201607357738725349643847340582883872418562048.000000 
6960 26431511766394450751980983850641372828520433925026391675821627274328550669841155494621026709632619772653533180136551088128.000000 
6970 45608123420621795812399055113458977528166417303651453533154101470868572227251172253519852459632906039277110453526520135680.000000 
6980 65581606469999029630798883085218463113616140420839590977038825248533833486837006444558902830315011371492185239370128687104.000000 
6990 94302409580712732831379744625530781092869186187104526277483501434758623930410914890422392925175029579987242752565326118912.000000 
7000 135601476271614612850016987056590363175417962349190220676907600702971080373276762701858311926250819782315401445116406136832.000000 
7010 233985086594245209719037801605226702733820382026603664921673000311842281167088128102441348271564705769053656741264580673536.000000 
7020 336458555296343546667748323200016300154728351161591046747119650551823343991341037880709119654120604968169373975354873479168.000000 
7030 483811129995809807471091029892701497002720632195071792584002790983398076579673889349503134814265783305883033566682562953216.000000 
7040 834838096244992524050500344509303706566521700053996423206738541727376872172267355201680109043993303068812183848779681628160.000000 
7050 1200461657406730408069729206088442013981880928175626129563921609449628610602201687374164214987464301400502911049830152273920.000000 
7060 1726216253019085859865098918690797783981577663961702886855029340389682012843178159018453293067257514985885502069194983735296.000000 
7070 2482235490120809944926401741191879405860672222977059556305113890331469972733003764318763097158452482376464747931520668270592.000000 
7080 4283244589573458370862448940951823880858842806351949671333589950208005882709711619719103745286698645542710020001541178523648.000000 
7090 6159172812518467367115314122628773491087224407275018490844006950933445638698738754004750336829208404910573688965484202950656.000000 
7100 8856717006805696265175417308855815800629629171501945995150394919747810126804025977584757545159783807624148940279652506664960.000000 
7110 12735734835431898905018249428173019260291130171060333661797297424683302538541075319452011477312731046538562740442291276611584.000000 
7120 21976440597040233284133931942294196473216735740111363184452365628708256704781959658961563739203382272810529145282889626157056.000000 
7130 31601690064390556458512963613404757458417466640486367926631015840145713695965826905168387591545177928034503910360710809387008.000000 
7140 45442699192911854538985447877090789890351321630321001087452620548119335798423580390476723782983482357999356660909556260405248.000000 
7150 78415159054608495321516130972210211498635231327039661775556246530027332865776810470447170226790027064577265425697241456181248.000000 
7160 112760122576351524213496770341968119042258464623503091895544042855358470111800666742861317393480343109365069582959738219397120.000000 
7170 162148112669524956381384487106778242585622189687965064198670392554015763263012193690450419291169202956797333404136092842590208.000000 
7180 233168082692520799413178359004376952838302503540816071459140334525077931452915045335180304260557692265476561729987692055232512.000000 
7190 402354065196335540052889079598312629391775837583623386904194636049560283097725780323327401687978850631890215609809995659476992.000000 
7200 578585145766722147978910446029535848583386805249408008433805811786399774114413071425921426663759396812181845168538222308884480.000000 
7210 832007044585014663646145608314898473823675482212791015734162667590289441902251772134071259402917324771572798664220068267687936.000000 
7220 1196430739600077070747980882462344616118259007599952166846035888642555438211821227537038745780103284058063690598730696501493760.000000 
7230 2064572798967569051891691798197277055934782216292561796469426765271755546870924407292726275538442160941265206717470281956327424.000000 
7240 2968878497947119290565279742906081248965837014308258176010765307791787331724368185656221670672333736200070526533115449115148288.000000 
7250 4269288230200179545944319992258755236028632394154787028587196255322538117561649112882320067113827131208735541974130643796230144.000000 
7260 6139307041924402985411777341548757261663708510233587794206933702811977525624399284297981058932483893282375021270652152079974400.000000 
7270 10594130102994984370928171871471925938085065220755313113596544768133668471765547548679862212390636191817574662957646594804023296.000000 
7280 15234591926497572130286497168363015750541249496604995639557837442493233707640799704356928797805093420443070727263204629427519488.000000 
7290 21907719353592318821795370892104363840707211992268370150558927264511266707922862330538380144131891192346890572308376082024759296.000000 
7300 37804680771248105861830900495862931094989621983734591608437302166319314647699376245207246377380180674387867522952300049654087680.000000 
