-10.010000 2.000000 2.000000 0.000000 0.000000 
-9.990000 2.000000 2.000000 0.000000 0.000000 
-9.970000 2.000000 2.000000 0.000000 0.000000 
-9.950000 2.000000 2.000000 0.000000 0.000000 
-9.930000 2.000000 2.000000 0.000000 0.000000 
-9.910000 2.000000 2.000000 0.000000 0.000000 
-9.890000 2.000000 2.000000 0.000000 0.000000 
-9.870000 2.000000 2.000000 0.000000 0.000000 
-9.850000 2.000000 2.000000 0.000000 0.000000 
-9.830000 2.000000 2.000000 0.000000 0.000000 
-9.810000 2.000000 2.000000 0.000000 0.000000 
-9.790000 2.000000 2.000000 0.000000 0.000000 
-9.770000 2.000000 2.000000 0.000000 0.000000 
-9.750000 2.000000 2.000000 0.000000 0.000000 
-9.730000 2.000000 2.000000 0.000000 0.000000 
-9.710000 2.000000 2.000000 0.000000 0.000000 
-9.690000 2.000000 2.000000 0.000000 0.000000 
-9.670000 2.000000 2.000000 0.000000 0.000000 
-9.650000 2.000000 2.000000 0.000000 0.000000 
-9.630000 2.000000 2.000000 0.000000 0.000000 
-9.610000 2.000000 2.000000 0.000000 0.000000 
-9.590000 2.000000 2.000000 0.000000 0.000000 
-9.570000 2.000000 2.000000 0.000000 0.000000 
-9.550000 2.000000 2.000000 0.000000 0.000000 
-9.530000 2.000000 2.000000 0.000000 0.000000 
-9.510000 2.000000 2.000000 0.000000 0.000000 
-9.490000 2.000000 2.000000 0.000000 0.000000 
-9.470000 2.000000 2.000000 0.000000 0.000000 
-9.450000 2.000000 2.000000 0.000000 0.000000 
-9.430000 2.000000 2.000000 0.000000 0.000000 
-9.410000 2.000000 2.000000 0.000000 0.000000 
-9.390000 2.000000 2.000000 0.000000 0.000000 
-9.370000 2.000000 2.000000 0.000000 0.000000 
-9.350000 2.000000 2.000000 0.000000 0.000000 
-9.330000 2.000000 2.000000 0.000000 0.000000 
-9.310000 2.000000 2.000000 0.000000 0.000000 
-9.290000 2.000000 2.000000 0.000000 0.000000 
-9.270000 2.000000 2.000000 0.000000 0.000000 
-9.250000 2.000000 2.000000 0.000000 0.000000 
-9.230000 2.000000 2.000000 0.000000 0.000000 
-9.210000 2.000000 2.000000 0.000000 0.000000 
-9.190000 2.000000 2.000000 0.000000 0.000000 
-9.170000 2.000000 2.000000 0.000000 0.000000 
-9.150000 2.000000 2.000000 0.000000 0.000000 
-9.130000 2.000000 2.000000 0.000000 0.000000 
-9.110000 2.000000 2.000000 0.000000 0.000000 
-9.090000 2.000000 2.000000 0.000000 0.000000 
-9.070000 2.000000 2.000000 0.000000 0.000000 
-9.050000 2.000000 2.000000 0.000000 0.000000 
-9.030000 2.000000 2.000000 0.000000 0.000000 
-9.010000 2.000000 2.000000 0.000000 0.000000 
-8.990000 2.000000 2.000000 0.000000 0.000000 
-8.970000 2.000000 2.000000 0.000000 0.000000 
-8.950000 2.000000 2.000000 0.000000 0.000000 
-8.930000 2.000000 2.000000 0.000000 0.000000 
-8.910000 2.000000 2.000000 0.000000 0.000000 
-8.890000 2.000000 2.000000 0.000000 0.000000 
-8.870000 2.000000 2.000000 0.000000 0.000000 
-8.850000 2.000000 2.000000 0.000000 0.000000 
-8.830000 2.000000 2.000000 0.000000 0.000000 
-8.810000 2.000000 2.000000 0.000000 0.000000 
-8.790000 2.000000 2.000000 0.000000 0.000000 
-8.770000 2.000000 2.000000 0.000000 0.000000 
-8.750000 2.000000 2.000000 0.000000 0.000000 
-8.730000 2.000000 2.000000 0.000000 0.000000 
-8.710000 2.000000 2.000000 0.000000 0.000000 
-8.690000 2.000000 2.000000 0.000000 0.000000 
-8.670000 2.000000 2.000000 0.000000 0.000000 
-8.650000 2.000000 2.000000 0.000000 0.000000 
-8.630000 2.000000 2.000000 0.000000 0.000000 
-8.610000 2.000000 2.000000 0.000000 0.000000 
-8.590000 2.000000 2.000000 0.000000 0.000000 
-8.570000 2.000000 2.000000 0.000000 0.000000 
-8.550000 2.000000 2.000000 0.000000 0.000000 
-8.530000 2.000000 2.000000 0.000000 0.000000 
-8.510000 2.000000 2.000000 0.000000 0.000000 
-8.490000 2.000000 2.000000 0.000000 0.000000 
-8.470000 2.000000 2.000000 0.000000 0.000000 
-8.450000 2.000000 2.000000 0.000000 0.000000 
-8.430000 2.000000 2.000000 0.000000 0.000000 
-8.410000 2.000000 2.000000 0.000000 0.000000 
-8.390000 2.000000 2.000000 0.000000 0.000000 
-8.370000 2.000000 2.000000 0.000000 0.000000 
-8.350000 2.000000 2.000000 0.000000 0.000000 
-8.330000 2.000000 2.000000 0.000000 0.000000 
-8.310000 2.000000 2.000000 0.000000 0.000000 
-8.290000 2.000000 2.000000 0.000000 0.000000 
-8.270000 2.000000 2.000000 0.000000 0.000000 
-8.250000 2.000000 2.000000 0.000000 0.000000 
-8.230000 2.000000 2.000000 0.000000 0.000000 
-8.210000 2.000000 2.000000 0.000000 0.000000 
-8.190000 2.000000 2.000000 0.000000 0.000000 
-8.170000 2.000000 2.000000 0.000000 0.000000 
-8.150000 2.000000 2.000000 0.000000 0.000000 
-8.130000 2.000000 2.000000 0.000000 0.000000 
-8.110000 2.000000 2.000000 0.000000 0.000000 
-8.090000 2.000000 2.000000 0.000000 0.000000 
-8.070000 2.000000 2.000000 0.000000 0.000000 
-8.050000 2.000000 2.000000 0.000000 0.000000 
-8.030000 2.000000 2.000000 0.000000 0.000000 
-8.010000 2.000000 2.000000 0.000000 0.000000 
-7.990000 2.000000 2.000000 0.000000 0.000000 
-7.970000 2.000000 2.000000 0.000000 0.000000 
-7.950000 2.000000 2.000000 0.000000 0.000000 
-7.930000 2.000000 2.000000 0.000000 0.000000 
-7.910000 2.000000 2.000000 0.000000 0.000000 
-7.890000 2.000000 2.000000 0.000000 0.000000 
-7.870000 2.000000 2.000000 0.000000 0.000000 
-7.850000 2.000000 2.000000 0.000000 0.000000 
-7.830000 2.000000 2.000000 0.000000 0.000000 
-7.810000 2.000000 2.000000 0.000000 0.000000 
-7.790000 2.000000 2.000000 0.000000 0.000000 
-7.770000 2.000000 2.000000 0.000000 0.000000 
-7.750000 2.000000 2.000000 0.000000 0.000000 
-7.730000 2.000000 2.000000 0.000000 0.000000 
-7.710000 2.000000 2.000000 0.000000 0.000000 
-7.690000 2.000000 2.000000 0.000000 0.000000 
-7.670000 2.000000 2.000000 0.000000 0.000000 
-7.650000 2.000000 2.000000 0.000000 0.000000 
-7.630000 2.000000 2.000000 0.000000 0.000000 
-7.610000 2.000000 2.000000 0.000000 0.000000 
-7.590000 2.000000 2.000000 0.000000 0.000000 
-7.570000 2.000000 2.000000 0.000000 0.000000 
-7.550000 2.000000 2.000000 0.000000 0.000000 
-7.530000 2.000000 2.000000 0.000000 0.000000 
-7.510000 2.000000 2.000000 0.000000 0.000000 
-7.490000 2.000000 2.000000 0.000000 0.000000 
-7.470000 2.000000 2.000000 0.000000 0.000000 
-7.450000 2.000000 2.000000 0.000000 0.000000 
-7.430000 2.000000 2.000000 0.000000 0.000000 
-7.410000 2.000000 2.000000 0.000000 0.000000 
-7.390000 2.000000 2.000000 0.000000 0.000000 
-7.370000 2.000000 2.000000 0.000000 0.000000 
-7.350000 2.000000 2.000000 0.000000 0.000000 
-7.330000 2.000000 2.000000 0.000000 0.000000 
-7.310000 2.000000 2.000000 0.000000 0.000000 
-7.290000 2.000000 2.000000 0.000000 0.000000 
-7.270000 2.000000 2.000000 0.000000 0.000000 
-7.250000 2.000000 2.000000 0.000000 0.000000 
-7.230000 2.000000 2.000000 0.000000 0.000000 
-7.210000 2.000000 2.000000 0.000000 0.000000 
-7.190000 2.000000 2.000000 0.000000 0.000000 
-7.170000 2.000000 2.000000 0.000000 0.000000 
-7.150000 2.000000 2.000000 0.000000 0.000000 
-7.130000 2.000000 2.000000 0.000000 0.000000 
-7.110000 2.000000 2.000000 0.000000 0.000000 
-7.090000 2.000000 2.000000 0.000000 0.000000 
-7.070000 2.000000 2.000000 0.000000 0.000000 
-7.050000 2.000000 2.000000 0.000000 0.000000 
-7.030000 2.000000 2.000000 0.000000 0.000000 
-7.010000 2.000000 2.000000 0.000000 0.000000 
-6.990000 2.000000 2.000000 0.000000 0.000000 
-6.970000 2.000000 2.000000 0.000000 0.000000 
-6.950000 2.000000 2.000000 0.000000 0.000000 
-6.930000 2.000000 2.000000 0.000000 0.000000 
-6.910000 2.000000 2.000000 0.000000 0.000000 
-6.890000 2.000000 2.000000 0.000000 0.000000 
-6.870000 2.000000 2.000000 0.000000 0.000000 
-6.850000 2.000000 2.000000 0.000000 0.000000 
-6.830000 2.000000 2.000000 0.000000 0.000000 
-6.810000 2.000000 2.000000 0.000000 0.000000 
-6.790000 2.000000 2.000000 0.000000 0.000000 
-6.770000 2.000000 2.000000 0.000000 0.000000 
-6.750000 2.000000 2.000000 0.000000 0.000000 
-6.730000 2.000000 2.000000 0.000000 0.000000 
-6.710000 2.000000 2.000000 0.000000 0.000000 
-6.690000 2.000000 2.000000 0.000000 0.000000 
-6.670000 2.000000 2.000000 0.000000 0.000000 
-6.650000 2.000000 2.000000 0.000000 0.000000 
-6.630000 2.000000 2.000000 0.000000 0.000000 
-6.610000 2.000000 2.000000 0.000000 0.000000 
-6.590000 2.000000 2.000000 0.000000 0.000000 
-6.570000 2.000000 2.000000 0.000000 0.000000 
-6.550000 2.000000 2.000000 0.000000 0.000000 
-6.530000 2.000000 2.000000 0.000000 0.000000 
-6.510000 2.000000 2.000000 0.000000 0.000000 
-6.490000 2.000000 2.000000 0.000000 0.000000 
-6.470000 2.000000 2.000000 0.000000 0.000000 
-6.450000 2.000000 2.000000 0.000000 0.000000 
-6.430000 2.000000 2.000000 0.000000 0.000000 
-6.410000 2.000000 2.000000 0.000000 0.000000 
-6.390000 2.000000 2.000000 0.000000 0.000000 
-6.370000 2.000000 2.000000 0.000000 0.000000 
-6.350000 2.000000 2.000000 0.000000 0.000000 
-6.330000 2.000000 2.000000 0.000000 0.000000 
-6.310000 2.000000 2.000000 0.000000 0.000000 
-6.290000 2.000000 2.000000 0.000000 0.000000 
-6.270000 2.000000 2.000000 0.000000 0.000000 
-6.250000 2.000000 2.000000 0.000000 0.000000 
-6.230000 2.000000 2.000000 0.000000 0.000000 
-6.210000 2.000000 2.000000 0.000000 0.000000 
-6.190000 2.000000 2.000000 0.000000 0.000000 
-6.170000 2.000000 2.000000 0.000000 0.000000 
-6.150000 2.000000 2.000000 0.000000 0.000000 
-6.130000 2.000000 2.000000 0.000000 0.000000 
-6.110000 2.000000 2.000000 0.000000 0.000000 
-6.090000 2.000000 2.000000 0.000000 0.000000 
-6.070000 2.000000 2.000000 0.000000 0.000000 
-6.050000 2.000000 2.000000 0.000000 0.000000 
-6.030000 2.000000 2.000000 0.000000 0.000000 
-6.010000 2.000000 2.000000 0.000000 0.000000 
-5.990000 2.000000 2.000000 0.000000 0.000000 
-5.970000 2.000000 2.000000 0.000000 0.000000 
-5.950000 2.000000 2.000000 0.000000 0.000000 
-5.930000 2.000000 2.000000 0.000000 0.000000 
-5.910000 2.000000 2.000000 0.000000 0.000000 
-5.890000 2.000000 2.000000 0.000000 0.000000 
-5.870000 2.000000 2.000000 0.000000 0.000000 
-5.850000 2.000000 2.000000 0.000000 0.000000 
-5.830000 2.000000 2.000000 0.000000 0.000000 
-5.810000 2.000000 2.000000 0.000000 0.000000 
-5.790000 2.000000 2.000000 0.000000 0.000000 
-5.770000 2.000000 2.000000 0.000000 0.000000 
-5.750000 2.000000 2.000000 0.000000 0.000000 
-5.730000 2.000000 2.000000 0.000000 0.000000 
-5.710000 2.000000 2.000000 0.000000 0.000000 
-5.690000 2.000000 2.000000 0.000000 0.000000 
-5.670000 2.000000 2.000000 0.000000 0.000000 
-5.650000 2.000000 2.000000 0.000000 0.000000 
-5.630000 2.000000 2.000000 0.000000 0.000000 
-5.610000 2.000000 2.000000 0.000000 0.000000 
-5.590000 2.000000 2.000000 0.000000 0.000000 
-5.570000 2.000000 2.000000 0.000000 0.000000 
-5.550000 2.000000 2.000000 0.000000 0.000000 
-5.530000 2.000000 2.000000 0.000000 0.000000 
-5.510000 2.000000 2.000000 0.000000 0.000000 
-5.490000 2.000000 2.000000 0.000000 0.000000 
-5.470000 2.000000 2.000000 0.000000 0.000000 
-5.450000 2.000000 2.000000 0.000000 0.000000 
-5.430000 2.000000 2.000000 0.000000 0.000000 
-5.410000 2.000000 2.000000 0.000000 0.000000 
-5.390000 2.000000 2.000000 0.000000 0.000000 
-5.370000 2.000000 2.000000 0.000000 0.000000 
-5.350000 2.000000 2.000000 0.000000 0.000000 
-5.330000 2.000000 2.000000 0.000000 0.000000 
-5.310000 2.000000 2.000000 0.000000 0.000000 
-5.290000 2.000000 2.000000 0.000000 0.000000 
-5.270000 2.000000 2.000000 0.000000 0.000000 
-5.250000 2.000000 2.000000 0.000000 0.000000 
-5.230000 2.000000 2.000000 0.000000 0.000000 
-5.210000 2.000000 2.000000 0.000000 0.000000 
-5.190000 2.000000 2.000000 0.000000 0.000000 
-5.170000 2.000000 2.000000 0.000000 0.000000 
-5.150000 2.000000 2.000000 0.000000 0.000000 
-5.130000 2.000000 2.000000 0.000000 0.000000 
-5.110000 2.000000 2.000000 0.000000 0.000000 
-5.090000 2.000000 2.000000 0.000000 0.000000 
-5.070000 2.000000 2.000000 0.000000 0.000000 
-5.050000 2.000000 2.000000 0.000000 0.000000 
-5.030000 2.000000 2.000000 0.000000 0.000000 
-5.010000 2.000000 2.000000 0.000000 0.000000 
-4.990000 2.000000 2.000000 0.000000 0.000000 
-4.970000 2.000000 2.000000 0.000000 0.000000 
-4.950000 2.000000 2.000000 0.000000 0.000000 
-4.930000 2.000000 2.000000 0.000000 0.000000 
-4.910000 2.000000 2.000000 0.000000 0.000000 
-4.890000 2.000000 2.000000 0.000000 0.000000 
-4.870000 2.000000 2.000000 0.000000 0.000000 
-4.850000 2.000000 2.000000 0.000000 0.000000 
-4.830000 2.000000 2.000000 0.000000 0.000000 
-4.810000 2.000000 2.000000 0.000000 0.000000 
-4.790000 2.000000 2.000000 0.000000 0.000000 
-4.770000 2.000000 2.000000 0.000000 0.000000 
-4.750000 2.000000 2.000000 0.000000 0.000000 
-4.730000 2.000000 2.000000 0.000000 0.000000 
-4.710000 2.000000 2.000000 0.000000 0.000000 
-4.690000 2.000000 2.000000 0.000000 0.000000 
-4.670000 2.000000 2.000000 0.000000 0.000000 
-4.650000 2.000000 2.000000 0.000000 0.000000 
-4.630000 2.000000 2.000000 0.000000 0.000000 
-4.610000 2.000000 2.000000 0.000000 0.000000 
-4.590000 2.000000 2.000000 0.000000 0.000000 
-4.570000 2.000000 2.000000 0.000000 0.000000 
-4.550000 2.000000 2.000000 0.000000 0.000000 
-4.530000 2.000000 2.000000 0.000000 0.000000 
-4.510000 2.000000 2.000000 0.000000 0.000000 
-4.490000 2.000000 2.000000 0.000000 0.000000 
-4.470000 2.000000 2.000000 0.000000 0.000000 
-4.450000 2.000000 2.000000 0.000000 0.000000 
-4.430000 2.000000 2.000000 0.000000 0.000000 
-4.410000 2.000000 2.000000 0.000000 0.000000 
-4.390000 2.000000 2.000000 0.000000 0.000000 
-4.370000 2.000000 2.000000 0.000000 0.000000 
-4.350000 2.000000 2.000000 0.000000 0.000000 
-4.330000 2.000000 2.000000 0.000000 0.000000 
-4.310000 2.000000 2.000000 0.000000 0.000000 
-4.290000 2.000000 2.000000 0.000000 0.000000 
-4.270000 2.000000 2.000000 0.000000 0.000000 
-4.250000 2.000000 2.000000 0.000000 0.000000 
-4.230000 2.000000 2.000000 0.000000 0.000000 
-4.210000 2.000000 2.000000 0.000000 0.000000 
-4.190000 2.000000 2.000000 0.000000 0.000000 
-4.170000 2.000000 2.000000 0.000000 0.000000 
-4.150000 2.000000 2.000000 0.000000 0.000000 
-4.130000 2.000000 2.000000 0.000000 0.000000 
-4.110000 2.000000 2.000000 0.000000 0.000000 
-4.090000 2.000000 2.000000 0.000000 0.000000 
-4.070000 2.000000 2.000000 0.000000 0.000000 
-4.050000 2.000000 2.000000 0.000000 0.000000 
-4.030000 2.000000 2.000000 0.000000 0.000000 
-4.010000 2.000000 2.000000 0.000000 0.000000 
-3.990000 2.000000 2.000000 0.000000 0.000000 
-3.970000 2.000000 2.000000 0.000000 0.000000 
-3.950000 2.000000 2.000000 0.000000 0.000000 
-3.930000 2.000000 2.000000 0.000000 0.000000 
-3.910000 2.000000 2.000000 0.000000 0.000000 
-3.890000 2.000000 2.000000 0.000000 0.000000 
-3.870000 2.000000 2.000000 0.000000 0.000000 
-3.850000 2.000000 2.000000 0.000000 0.000000 
-3.830000 2.000000 2.000000 0.000000 0.000000 
-3.810000 2.000000 2.000000 0.000000 0.000000 
-3.790000 2.000000 2.000000 0.000000 0.000000 
-3.770000 2.000000 2.000000 0.000000 0.000000 
-3.750000 2.000000 2.000000 0.000000 0.000000 
-3.730000 2.000000 2.000000 0.000000 0.000000 
-3.710000 2.000000 2.000000 0.000000 0.000000 
-3.690000 2.000000 2.000000 0.000000 0.000000 
-3.670000 2.000000 2.000000 0.000000 0.000000 
-3.650000 2.000000 2.000000 0.000000 0.000000 
-3.630000 2.000000 2.000000 0.000000 0.000000 
-3.610000 2.000000 2.000000 0.000000 0.000000 
-3.590000 2.000000 2.000000 0.000000 0.000000 
-3.570000 2.000000 2.000000 0.000000 0.000000 
-3.550000 2.000000 2.000000 0.000000 0.000000 
-3.530000 2.000000 2.000000 0.000000 0.000000 
-3.510000 2.000000 2.000000 0.000000 0.000000 
-3.490000 2.000000 2.000000 0.000000 0.000000 
-3.470000 2.000000 2.000000 0.000000 0.000000 
-3.450000 2.000000 2.000000 0.000000 0.000000 
-3.430000 2.000000 2.000000 0.000000 0.000000 
-3.410000 2.000000 2.000000 0.000000 0.000000 
-3.390000 2.000000 2.000000 0.000000 0.000000 
-3.370000 2.000000 2.000000 0.000000 0.000000 
-3.350000 2.000000 2.000000 0.000000 0.000000 
-3.330000 2.000000 2.000000 0.000000 0.000000 
-3.310000 2.000000 2.000000 0.000000 0.000000 
-3.290000 2.000000 2.000000 0.000000 0.000000 
-3.270000 2.000000 2.000000 0.000000 0.000000 
-3.250000 2.000000 2.000000 0.000000 0.000000 
-3.230000 2.000000 2.000000 0.000000 0.000000 
-3.210000 2.000000 2.000000 0.000000 0.000000 
-3.190000 2.000000 2.000000 0.000000 0.000000 
-3.170000 2.000000 2.000000 0.000000 0.000000 
-3.150000 2.000000 2.000000 0.000000 0.000000 
-3.130000 2.000000 2.000000 0.000000 0.000000 
-3.110000 2.000000 2.000000 0.000000 0.000000 
-3.090000 2.000000 2.000000 0.000000 0.000000 
-3.070000 2.000000 2.000000 0.000000 0.000000 
-3.050000 2.000000 2.000000 0.000000 0.000000 
-3.030000 2.000000 2.000000 0.000000 0.000000 
-3.010000 2.000000 2.000000 0.000000 0.000000 
-2.990000 2.000000 2.000000 0.000000 0.000000 
-2.970000 2.000000 2.000000 0.000001 0.000000 
-2.950000 2.000000 2.000000 0.000001 0.000000 
-2.930000 1.999999 2.000000 0.000002 0.000000 
-2.910000 1.999999 2.000000 0.000003 0.000000 
-2.890000 1.999998 2.000000 0.000005 0.000000 
-2.870000 1.999996 2.000000 0.000009 0.000000 
-2.850000 1.999993 2.000000 0.000016 0.000000 
-2.830000 1.999988 2.000000 0.000026 0.000000 
-2.810000 1.999981 2.000000 0.000043 0.000000 
-2.790000 1.999969 2.000000 0.000069 0.000000 
-2.770000 1.999951 2.000000 0.000109 0.000000 
-2.750000 1.999923 2.000000 0.000170 0.000000 
-2.730000 1.999882 2.000000 0.000261 0.000000 
-2.710000 1.999822 2.000000 0.000394 0.000000 
-2.690000 1.999735 2.000000 0.000586 0.000000 
-2.670000 1.999612 2.000000 0.000859 0.000000 
-2.650000 1.999440 2.000000 0.001240 0.000000 
-2.630000 1.999204 2.000000 0.001762 0.000000 
-2.610000 1.998886 2.000000 0.002467 0.000000 
-2.590000 1.998464 2.000000 0.003403 0.000000 
-2.570000 1.997912 2.000000 0.004625 0.000000 
-2.550000 1.997204 2.000000 0.006194 0.000000 
-2.530000 1.996308 2.000000 0.008179 0.000000 
-2.510000 1.995194 2.000000 0.010649 0.000000 
-2.490000 1.993828 2.000000 0.013677 0.000000 
-2.470000 1.992179 2.000000 0.017335 0.000000 
-2.450000 1.990217 2.000000 0.021690 0.000000 
-2.430000 1.987913 2.000000 0.026804 0.000000 
-2.410000 1.985245 2.000000 0.032731 0.000000 
-2.390000 1.982193 2.000000 0.039516 0.000000 
-2.370000 1.978743 2.000000 0.047191 0.000000 
-2.350000 1.974887 2.000000 0.055778 0.000000 
-2.330000 1.970620 2.000000 0.065287 0.000000 
-2.310000 1.965946 2.000000 0.075717 0.000000 
-2.290000 1.960870 2.000000 0.087056 0.000000 
-2.270000 1.955403 2.000000 0.099285 0.000000 
-2.250000 1.949559 2.000000 0.112374 0.000000 
-2.230000 1.943355 2.000000 0.126292 0.000000 
-2.210000 1.936810 1.995288 0.140998 0.010442 
-2.190000 1.929944 1.983296 0.156452 0.037071 
-2.170000 1.922777 1.971341 0.172611 0.063700 
-2.150000 1.915332 1.959422 0.189430 0.090330 
-2.130000 1.907629 1.947539 0.206864 0.116959 
-2.110000 1.899689 1.935692 0.224871 0.143588 
-2.090000 1.891533 1.923881 0.243408 0.170217 
-2.070000 1.883179 1.912107 0.262434 0.196846 
-2.050000 1.874647 1.900368 0.281910 0.223475 
-2.030000 1.865953 1.888666 0.301801 0.250105 
-2.010000 1.857113 1.877000 0.322070 0.276734 
-1.990000 1.848144 1.865370 0.342686 0.303363 
-1.970000 1.839060 1.853776 0.363619 0.329992 
-1.950000 1.829873 1.842218 0.384840 0.356621 
-1.930000 1.820595 1.830697 0.406323 0.383250 
-1.910000 1.811239 1.819211 0.428043 0.409880 
-1.890000 1.801816 1.807762 0.449978 0.436509 
-1.870000 1.792333 1.796349 0.472106 0.463138 
-1.850000 1.782802 1.784972 0.494406 0.489767 
-1.830000 1.773231 1.773631 0.516861 0.516396 
-1.810000 1.763628 1.762326 0.539452 0.543025 
-1.790000 1.754000 1.751057 0.562162 0.569655 
-1.770000 1.744354 1.739825 0.584975 0.596284 
-1.750000 1.734699 1.728629 0.607876 0.622913 
-1.730000 1.725039 1.717468 0.630849 0.649542 
-1.710000 1.715383 1.706344 0.653879 0.676171 
-1.690000 1.705736 1.695256 0.676953 0.702800 
-1.670000 1.696104 1.684205 0.700054 0.729430 
-1.650000 1.686493 1.673189 0.723169 0.756059 
-1.630000 1.676911 1.662210 0.746282 0.782688 
-1.610000 1.667363 1.651266 0.769378 0.809317 
-1.590000 1.657856 1.640359 0.792440 0.835946 
-1.570000 1.648398 1.629488 0.815451 0.862575 
-1.550000 1.638994 1.618653 0.838393 0.889204 
-1.530000 1.629654 1.607854 0.861246 0.915834 
-1.510000 1.620386 1.597092 0.883989 0.942463 
-1.490000 1.611198 1.586365 0.906598 0.969092 
-1.470000 1.602100 1.575675 0.929048 0.995721 
-1.450000 1.593104 1.565021 0.951312 1.022350 
-1.430000 1.584220 1.554403 0.973357 1.048979 
-1.410000 1.575463 1.543821 0.995151 1.075609 
-1.390000 1.566846 1.533275 1.016655 1.102238 
-1.370000 1.558385 1.522765 1.037827 1.128867 
-1.350000 1.550098 1.512292 1.058621 1.155496 
-1.330000 1.542004 1.501855 1.078984 1.182125 
-1.310000 1.534124 1.491453 1.098860 1.208754 
-1.290000 1.526481 1.481088 1.118188 1.235384 
-1.270000 1.519100 1.470759 1.136899 1.262013 
-1.250000 1.512008 1.460467 1.154922 1.288642 
-1.230000 1.505232 1.453841 1.172180 1.305834 
-1.210000 1.498802 1.453841 1.188595 1.305834 
-1.190000 1.492747 1.453841 1.204087 1.305834 
-1.170000 1.487094 1.453841 1.218576 1.305834 
-1.150000 1.481870 1.453841 1.231990 1.305834 
-1.130000 1.477098 1.453841 1.244265 1.305834 
-1.110000 1.472796 1.453841 1.255349 1.305834 
-1.090000 1.468974 1.453841 1.265209 1.305834 
-1.070000 1.465634 1.453841 1.273834 1.305834 
-1.050000 1.462770 1.453841 1.281239 1.305834 
-1.030000 1.460364 1.453841 1.287466 1.305834 
-1.010000 1.458387 1.453841 1.292583 1.305834 
-0.990000 1.456804 1.453841 1.296683 1.305834 
-0.970000 1.455571 1.453841 1.299876 1.305834 
-0.950000 1.454639 1.453841 1.302287 1.305834 
-0.930000 1.453960 1.453841 1.304045 1.305834 
-0.910000 1.453484 1.453841 1.305274 1.305834 
-0.890000 1.453167 1.453841 1.306091 1.305834 
-0.870000 1.452969 1.453841 1.306598 1.305834 
-0.850000 1.452857 1.453841 1.306882 1.305834 
-0.830000 1.452804 1.453841 1.307012 1.305834 
-0.810000 1.452790 1.453841 1.307040 1.305834 
-0.790000 1.452801 1.453841 1.307004 1.305834 
-0.770000 1.452826 1.453841 1.306932 1.305834 
-0.750000 1.452858 1.453841 1.306842 1.305834 
-0.730000 1.452892 1.453841 1.306744 1.305834 
-0.710000 1.452927 1.453841 1.306645 1.305834 
-0.690000 1.452961 1.453841 1.306550 1.305834 
-0.670000 1.452992 1.453841 1.306460 1.305834 
-0.650000 1.453022 1.453841 1.306374 1.305834 
-0.630000 1.453050 1.453841 1.306295 1.305834 
-0.610000 1.453075 1.453841 1.306220 1.305834 
-0.590000 1.453099 1.453841 1.306151 1.305834 
-0.570000 1.453120 1.453841 1.306086 1.305834 
-0.550000 1.453141 1.453841 1.306024 1.305834 
-0.530000 1.453159 1.453841 1.305967 1.305834 
-0.510000 1.453177 1.453841 1.305913 1.305834 
-0.490000 1.453193 1.453841 1.305861 1.305834 
-0.470000 1.453208 1.453841 1.305813 1.305834 
-0.450000 1.453222 1.453841 1.305767 1.305834 
-0.430000 1.453236 1.453841 1.305724 1.305834 
-0.410000 1.453248 1.453841 1.305682 1.305834 
-0.390000 1.453259 1.453841 1.305643 1.305834 
-0.370000 1.453270 1.453841 1.305605 1.305834 
-0.350000 1.453280 1.453841 1.305569 1.305834 
-0.330000 1.453290 1.453841 1.305535 1.305834 
-0.310000 1.453298 1.453841 1.305502 1.305834 
-0.290000 1.453307 1.453841 1.305471 1.305834 
-0.270000 1.453314 1.453841 1.305441 1.305834 
-0.250000 1.453322 1.453841 1.305412 1.305834 
-0.230000 1.453328 1.453841 1.305384 1.305834 
-0.210000 1.453334 1.453841 1.305357 1.305834 
-0.190000 1.453340 1.453841 1.305331 1.305834 
-0.170000 1.453346 1.453841 1.305306 1.305834 
-0.150000 1.453351 1.453841 1.305282 1.305834 
-0.130000 1.453355 1.453841 1.305259 1.305834 
-0.110000 1.453360 1.453841 1.305236 1.305834 
-0.090000 1.453364 1.453841 1.305215 1.305834 
-0.070000 1.453367 1.453841 1.305193 1.305834 
-0.050000 1.453371 1.453841 1.305173 1.305834 
-0.030000 1.453374 1.453841 1.305153 1.305834 
-0.010000 1.453377 1.453841 1.305133 1.305834 
0.010000 1.453379 1.453841 1.305115 1.305834 
0.030000 1.453382 1.453841 1.305096 1.305834 
0.050000 1.453384 1.453841 1.305078 1.305834 
0.070000 1.453386 1.453841 1.305060 1.305834 
0.090000 1.453387 1.453841 1.305043 1.305834 
0.110000 1.453389 1.453841 1.305026 1.305834 
0.130000 1.453390 1.453841 1.305010 1.305834 
0.150000 1.453391 1.453841 1.304994 1.305834 
0.170000 1.453392 1.453841 1.304978 1.305834 
0.190000 1.453393 1.453841 1.304962 1.305834 
0.210000 1.453393 1.453841 1.304947 1.305834 
0.230000 1.453393 1.453841 1.304932 1.305834 
0.250000 1.453393 1.453841 1.304917 1.305834 
0.270000 1.453393 1.453841 1.304902 1.305834 
0.290000 1.453393 1.453841 1.304888 1.305834 
0.310000 1.453393 1.453841 1.304874 1.305834 
0.330000 1.453392 1.453841 1.304859 1.305834 
0.350000 1.453392 1.453841 1.304845 1.305834 
0.370000 1.453391 1.453841 1.304831 1.305834 
0.390000 1.453390 1.453841 1.304818 1.305834 
0.410000 1.453389 1.453841 1.304804 1.305834 
0.430000 1.453388 1.453841 1.304790 1.305834 
0.450000 1.453386 1.453841 1.304777 1.305834 
0.470000 1.453385 1.453841 1.304763 1.305834 
0.490000 1.453383 1.453841 1.304750 1.305834 
0.510000 1.453382 1.453841 1.304737 1.305834 
0.530000 1.453380 1.453841 1.304723 1.305834 
0.550000 1.453378 1.453841 1.304710 1.305834 
0.570000 1.453376 1.453841 1.304696 1.305834 
0.590000 1.453373 1.453841 1.304683 1.305834 
0.610000 1.453371 1.453841 1.304670 1.305834 
0.630000 1.453369 1.453841 1.304656 1.305834 
0.650000 1.453366 1.453841 1.304643 1.305834 
0.670000 1.453363 1.453841 1.304629 1.305834 
0.690000 1.453360 1.453841 1.304616 1.305834 
0.710000 1.453357 1.453841 1.304602 1.305834 
0.730000 1.453354 1.453841 1.304588 1.305834 
0.750000 1.453351 1.453841 1.304574 1.305834 
0.770000 1.453348 1.453841 1.304560 1.305834 
0.790000 1.453344 1.453841 1.304546 1.305834 
0.810000 1.453341 1.453841 1.304532 1.305834 
0.830000 1.453337 1.453841 1.304518 1.305834 
0.850000 1.453333 1.453841 1.304503 1.305834 
0.870000 1.453329 1.453841 1.304489 1.305834 
0.890000 1.453325 1.453841 1.304474 1.305834 
0.910000 1.453321 1.453841 1.304459 1.305834 
0.930000 1.453316 1.453841 1.304443 1.305834 
0.950000 1.453312 1.453841 1.304428 1.305834 
0.970000 1.453307 1.453841 1.304412 1.305834 
0.990000 1.453302 1.453841 1.304396 1.305834 
1.010000 1.453297 1.453841 1.304380 1.305834 
1.030000 1.453292 1.453841 1.304364 1.305834 
1.050000 1.453287 1.453841 1.304347 1.305834 
1.070000 1.453281 1.453841 1.304330 1.305834 
1.090000 1.453276 1.453841 1.304313 1.305834 
1.110000 1.453270 1.453841 1.304295 1.305834 
1.130000 1.453264 1.453841 1.304277 1.305834 
1.150000 1.453258 1.453841 1.304258 1.305834 
1.170000 1.453251 1.453841 1.304240 1.305834 
1.190000 1.453245 1.453841 1.304220 1.305834 
1.210000 1.453238 1.453841 1.304201 1.305834 
1.230000 1.453231 1.453841 1.304181 1.305834 
1.250000 1.453224 1.453841 1.304160 1.305834 
1.270000 1.453217 1.453841 1.304139 1.305834 
1.290000 1.453209 1.453841 1.304117 1.305834 
1.310000 1.453201 1.453841 1.304095 1.305834 
1.330000 1.453193 1.453841 1.304073 1.305834 
1.350000 1.453185 1.453841 1.304049 1.305834 
1.370000 1.453176 1.453841 1.304025 1.305834 
1.390000 1.453167 1.453841 1.304001 1.305834 
1.410000 1.453158 1.453841 1.303975 1.305834 
1.430000 1.453148 1.453841 1.303949 1.305834 
1.450000 1.453138 1.453841 1.303922 1.305834 
1.470000 1.453128 1.453841 1.303895 1.305834 
1.490000 1.453118 1.453841 1.303866 1.305834 
1.510000 1.453107 1.453841 1.303836 1.305834 
1.530000 1.453095 1.453841 1.303806 1.305834 
1.550000 1.453083 1.453841 1.303774 1.305834 
1.570000 1.453071 1.453841 1.303741 1.305834 
1.590000 1.453058 1.453841 1.303707 1.305834 
1.610000 1.453045 1.453841 1.303672 1.305834 
1.630000 1.453031 1.453841 1.303635 1.305834 
1.650000 1.453017 1.453841 1.303597 1.305834 
1.670000 1.453002 1.453841 1.303557 1.305834 
1.690000 1.452986 1.453841 1.303516 1.305834 
1.710000 1.452970 1.453841 1.303472 1.305834 
1.730000 1.452952 1.453841 1.303426 1.305834 
1.750000 1.452934 1.453841 1.303377 1.305834 
1.770000 1.452913 1.453841 1.303324 1.305834 
1.790000 1.452891 1.453841 1.303264 1.305834 
1.810000 1.452863 1.453841 1.303193 1.305834 
1.830000 1.452828 1.453841 1.303101 1.305834 
1.850000 1.452777 1.453841 1.302968 1.305834 
1.870000 1.452694 1.453841 1.302753 1.305834 
1.890000 1.452548 1.453841 1.302371 1.305834 
1.910000 1.452269 1.453841 1.301646 1.305834 
1.930000 1.451720 1.453841 1.300219 1.305834 
1.950000 1.450618 1.453841 1.297352 1.305834 
1.970000 1.448386 1.453841 1.291545 1.305834 
1.990000 1.443875 1.453841 1.279791 1.305834 
2.010000 1.434858 1.453841 1.256233 1.305834 
2.030000 1.417308 1.453841 1.210132 1.305834 
2.050000 1.384913 1.453841 1.124141 1.305834 
2.070000 1.330668 1.453841 0.977424 1.305834 
2.090000 1.253452 1.453841 0.762205 1.305834 
2.110000 1.166549 1.000000 0.510259 0.000000 
2.130000 1.092804 1.000000 0.288171 0.000000 
2.150000 1.045152 1.000000 0.141069 0.000000 
2.170000 1.020142 1.000000 0.063050 0.000000 
2.190000 1.008584 1.000000 0.026883 0.000000 
2.210000 1.003581 1.000000 0.011215 0.000000 
2.230000 1.001479 1.000000 0.004634 0.000000 
2.250000 1.000609 1.000000 0.001906 0.000000 
2.270000 1.000250 1.000000 0.000782 0.000000 
2.290000 1.000102 1.000000 0.000320 0.000000 
2.310000 1.000042 1.000000 0.000131 0.000000 
2.330000 1.000017 1.000000 0.000053 0.000000 
2.350000 1.000007 1.000000 0.000022 0.000000 
2.370000 1.000003 1.000000 0.000009 0.000000 
2.390000 1.000001 1.000000 0.000004 0.000000 
2.410000 1.000000 1.000000 0.000001 0.000000 
2.430000 1.000000 1.000000 0.000001 0.000000 
2.450000 1.000000 1.000000 0.000000 0.000000 
2.470000 1.000000 1.000000 0.000000 0.000000 
2.490000 1.000000 1.000000 0.000000 0.000000 
2.510000 1.000000 1.000000 0.000000 0.000000 
2.530000 1.000000 1.000000 0.000000 0.000000 
2.550000 1.000000 1.000000 0.000000 0.000000 
2.570000 1.000000 1.000000 0.000000 0.000000 
2.590000 1.000000 1.000000 0.000000 0.000000 
2.610000 1.000000 1.000000 0.000000 0.000000 
2.630000 1.000000 1.000000 0.000000 0.000000 
2.650000 1.000000 1.000000 0.000000 0.000000 
2.670000 1.000000 1.000000 0.000000 0.000000 
2.690000 1.000000 1.000000 0.000000 0.000000 
2.710000 1.000000 1.000000 0.000000 0.000000 
2.730000 1.000000 1.000000 0.000000 0.000000 
2.750000 1.000000 1.000000 0.000000 0.000000 
2.770000 1.000000 1.000000 0.000000 0.000000 
2.790000 1.000000 1.000000 0.000000 0.000000 
2.810000 1.000000 1.000000 0.000000 0.000000 
2.830000 1.000000 1.000000 0.000000 0.000000 
2.850000 1.000000 1.000000 0.000000 0.000000 
2.870000 1.000000 1.000000 0.000000 0.000000 
2.890000 1.000000 1.000000 0.000000 0.000000 
2.910000 1.000000 1.000000 0.000000 0.000000 
2.930000 1.000000 1.000000 0.000000 0.000000 
2.950000 1.000000 1.000000 0.000000 0.000000 
2.970000 1.000000 1.000000 0.000000 0.000000 
2.990000 1.000000 1.000000 0.000000 0.000000 
3.010000 1.000000 1.000000 0.000000 0.000000 
3.030000 1.000000 1.000000 0.000000 0.000000 
3.050000 1.000000 1.000000 0.000000 0.000000 
3.070000 1.000000 1.000000 0.000000 0.000000 
3.090000 1.000000 1.000000 0.000000 0.000000 
3.110000 1.000000 1.000000 0.000000 0.000000 
3.130000 1.000000 1.000000 0.000000 0.000000 
3.150000 1.000000 1.000000 0.000000 0.000000 
3.170000 1.000000 1.000000 0.000000 0.000000 
3.190000 1.000000 1.000000 0.000000 0.000000 
3.210000 1.000000 1.000000 0.000000 0.000000 
3.230000 1.000000 1.000000 0.000000 0.000000 
3.250000 1.000000 1.000000 0.000000 0.000000 
3.270000 1.000000 1.000000 0.000000 0.000000 
3.290000 1.000000 1.000000 0.000000 0.000000 
3.310000 1.000000 1.000000 0.000000 0.000000 
3.330000 1.000000 1.000000 0.000000 0.000000 
3.350000 1.000000 1.000000 0.000000 0.000000 
3.370000 1.000000 1.000000 0.000000 0.000000 
3.390000 1.000000 1.000000 0.000000 0.000000 
3.410000 1.000000 1.000000 0.000000 0.000000 
3.430000 1.000000 1.000000 0.000000 0.000000 
3.450000 1.000000 1.000000 0.000000 0.000000 
3.470000 1.000000 1.000000 0.000000 0.000000 
3.490000 1.000000 1.000000 0.000000 0.000000 
3.510000 1.000000 1.000000 0.000000 0.000000 
3.530000 1.000000 1.000000 0.000000 0.000000 
3.550000 1.000000 1.000000 0.000000 0.000000 
3.570000 1.000000 1.000000 0.000000 0.000000 
3.590000 1.000000 1.000000 0.000000 0.000000 
3.610000 1.000000 1.000000 0.000000 0.000000 
3.630000 1.000000 1.000000 0.000000 0.000000 
3.650000 1.000000 1.000000 0.000000 0.000000 
3.670000 1.000000 1.000000 0.000000 0.000000 
3.690000 1.000000 1.000000 0.000000 0.000000 
3.710000 1.000000 1.000000 0.000000 0.000000 
3.730000 1.000000 1.000000 0.000000 0.000000 
3.750000 1.000000 1.000000 0.000000 0.000000 
3.770000 1.000000 1.000000 0.000000 0.000000 
3.790000 1.000000 1.000000 0.000000 0.000000 
3.810000 1.000000 1.000000 0.000000 0.000000 
3.830000 1.000000 1.000000 0.000000 0.000000 
3.850000 1.000000 1.000000 0.000000 0.000000 
3.870000 1.000000 1.000000 0.000000 0.000000 
3.890000 1.000000 1.000000 0.000000 0.000000 
3.910000 1.000000 1.000000 0.000000 0.000000 
3.930000 1.000000 1.000000 0.000000 0.000000 
3.950000 1.000000 1.000000 0.000000 0.000000 
3.970000 1.000000 1.000000 0.000000 0.000000 
3.990000 1.000000 1.000000 0.000000 0.000000 
4.010000 1.000000 1.000000 0.000000 0.000000 
4.030000 1.000000 1.000000 0.000000 0.000000 
4.050000 1.000000 1.000000 0.000000 0.000000 
4.070000 1.000000 1.000000 0.000000 0.000000 
4.090000 1.000000 1.000000 0.000000 0.000000 
4.110000 1.000000 1.000000 0.000000 0.000000 
4.130000 1.000000 1.000000 0.000000 0.000000 
4.150000 1.000000 1.000000 0.000000 0.000000 
4.170000 1.000000 1.000000 0.000000 0.000000 
4.190000 1.000000 1.000000 0.000000 0.000000 
4.210000 1.000000 1.000000 0.000000 0.000000 
4.230000 1.000000 1.000000 0.000000 0.000000 
4.250000 1.000000 1.000000 0.000000 0.000000 
4.270000 1.000000 1.000000 0.000000 0.000000 
4.290000 1.000000 1.000000 0.000000 0.000000 
4.310000 1.000000 1.000000 0.000000 0.000000 
4.330000 1.000000 1.000000 0.000000 0.000000 
4.350000 1.000000 1.000000 0.000000 0.000000 
4.370000 1.000000 1.000000 0.000000 0.000000 
4.390000 1.000000 1.000000 0.000000 0.000000 
4.410000 1.000000 1.000000 0.000000 0.000000 
4.430000 1.000000 1.000000 0.000000 0.000000 
4.450000 1.000000 1.000000 0.000000 0.000000 
4.470000 1.000000 1.000000 0.000000 0.000000 
4.490000 1.000000 1.000000 0.000000 0.000000 
4.510000 1.000000 1.000000 0.000000 0.000000 
4.530000 1.000000 1.000000 0.000000 0.000000 
4.550000 1.000000 1.000000 0.000000 0.000000 
4.570000 1.000000 1.000000 0.000000 0.000000 
4.590000 1.000000 1.000000 0.000000 0.000000 
4.610000 1.000000 1.000000 0.000000 0.000000 
4.630000 1.000000 1.000000 0.000000 0.000000 
4.650000 1.000000 1.000000 0.000000 0.000000 
4.670000 1.000000 1.000000 0.000000 0.000000 
4.690000 1.000000 1.000000 0.000000 0.000000 
4.710000 1.000000 1.000000 0.000000 0.000000 
4.730000 1.000000 1.000000 0.000000 0.000000 
4.750000 1.000000 1.000000 0.000000 0.000000 
4.770000 1.000000 1.000000 0.000000 0.000000 
4.790000 1.000000 1.000000 0.000000 0.000000 
4.810000 1.000000 1.000000 0.000000 0.000000 
4.830000 1.000000 1.000000 0.000000 0.000000 
4.850000 1.000000 1.000000 0.000000 0.000000 
4.870000 1.000000 1.000000 0.000000 0.000000 
4.890000 1.000000 1.000000 0.000000 0.000000 
4.910000 1.000000 1.000000 0.000000 0.000000 
4.930000 1.000000 1.000000 0.000000 0.000000 
4.950000 1.000000 1.000000 0.000000 0.000000 
4.970000 1.000000 1.000000 0.000000 0.000000 
4.990000 1.000000 1.000000 0.000000 0.000000 
5.010000 1.000000 1.000000 0.000000 0.000000 
5.030000 1.000000 1.000000 0.000000 0.000000 
5.050000 1.000000 1.000000 0.000000 0.000000 
5.070000 1.000000 1.000000 0.000000 0.000000 
5.090000 1.000000 1.000000 0.000000 0.000000 
5.110000 1.000000 1.000000 0.000000 0.000000 
5.130000 1.000000 1.000000 0.000000 0.000000 
5.150000 1.000000 1.000000 0.000000 0.000000 
5.170000 1.000000 1.000000 0.000000 0.000000 
5.190000 1.000000 1.000000 0.000000 0.000000 
5.210000 1.000000 1.000000 0.000000 0.000000 
5.230000 1.000000 1.000000 0.000000 0.000000 
5.250000 1.000000 1.000000 0.000000 0.000000 
5.270000 1.000000 1.000000 0.000000 0.000000 
5.290000 1.000000 1.000000 0.000000 0.000000 
5.310000 1.000000 1.000000 0.000000 0.000000 
5.330000 1.000000 1.000000 0.000000 0.000000 
5.350000 1.000000 1.000000 0.000000 0.000000 
5.370000 1.000000 1.000000 0.000000 0.000000 
5.390000 1.000000 1.000000 0.000000 0.000000 
5.410000 1.000000 1.000000 0.000000 0.000000 
5.430000 1.000000 1.000000 0.000000 0.000000 
5.450000 1.000000 1.000000 0.000000 0.000000 
5.470000 1.000000 1.000000 0.000000 0.000000 
5.490000 1.000000 1.000000 0.000000 0.000000 
5.510000 1.000000 1.000000 0.000000 0.000000 
5.530000 1.000000 1.000000 0.000000 0.000000 
5.550000 1.000000 1.000000 0.000000 0.000000 
5.570000 1.000000 1.000000 0.000000 0.000000 
5.590000 1.000000 1.000000 0.000000 0.000000 
5.610000 1.000000 1.000000 0.000000 0.000000 
5.630000 1.000000 1.000000 0.000000 0.000000 
5.650000 1.000000 1.000000 0.000000 0.000000 
5.670000 1.000000 1.000000 0.000000 0.000000 
5.690000 1.000000 1.000000 0.000000 0.000000 
5.710000 1.000000 1.000000 0.000000 0.000000 
5.730000 1.000000 1.000000 0.000000 0.000000 
5.750000 1.000000 1.000000 0.000000 0.000000 
5.770000 1.000000 1.000000 0.000000 0.000000 
5.790000 1.000000 1.000000 0.000000 0.000000 
5.810000 1.000000 1.000000 0.000000 0.000000 
5.830000 1.000000 1.000000 0.000000 0.000000 
5.850000 1.000000 1.000000 0.000000 0.000000 
5.870000 1.000000 1.000000 0.000000 0.000000 
5.890000 1.000000 1.000000 0.000000 0.000000 
5.910000 1.000000 1.000000 0.000000 0.000000 
5.930000 1.000000 1.000000 0.000000 0.000000 
5.950000 1.000000 1.000000 0.000000 0.000000 
5.970000 1.000000 1.000000 0.000000 0.000000 
5.990000 1.000000 1.000000 0.000000 0.000000 
6.010000 1.000000 1.000000 0.000000 0.000000 
6.030000 1.000000 1.000000 0.000000 0.000000 
6.050000 1.000000 1.000000 0.000000 0.000000 
6.070000 1.000000 1.000000 0.000000 0.000000 
6.090000 1.000000 1.000000 0.000000 0.000000 
6.110000 1.000000 1.000000 0.000000 0.000000 
6.130000 1.000000 1.000000 0.000000 0.000000 
6.150000 1.000000 1.000000 0.000000 0.000000 
6.170000 1.000000 1.000000 0.000000 0.000000 
6.190000 1.000000 1.000000 0.000000 0.000000 
6.210000 1.000000 1.000000 0.000000 0.000000 
6.230000 1.000000 1.000000 0.000000 0.000000 
6.250000 1.000000 1.000000 0.000000 0.000000 
6.270000 1.000000 1.000000 0.000000 0.000000 
6.290000 1.000000 1.000000 0.000000 0.000000 
6.310000 1.000000 1.000000 0.000000 0.000000 
6.330000 1.000000 1.000000 0.000000 0.000000 
6.350000 1.000000 1.000000 0.000000 0.000000 
6.370000 1.000000 1.000000 0.000000 0.000000 
6.390000 1.000000 1.000000 0.000000 0.000000 
6.410000 1.000000 1.000000 0.000000 0.000000 
6.430000 1.000000 1.000000 0.000000 0.000000 
6.450000 1.000000 1.000000 0.000000 0.000000 
6.470000 1.000000 1.000000 0.000000 0.000000 
6.490000 1.000000 1.000000 0.000000 0.000000 
6.510000 1.000000 1.000000 0.000000 0.000000 
6.530000 1.000000 1.000000 0.000000 0.000000 
6.550000 1.000000 1.000000 0.000000 0.000000 
6.570000 1.000000 1.000000 0.000000 0.000000 
6.590000 1.000000 1.000000 0.000000 0.000000 
6.610000 1.000000 1.000000 0.000000 0.000000 
6.630000 1.000000 1.000000 0.000000 0.000000 
6.650000 1.000000 1.000000 0.000000 0.000000 
6.670000 1.000000 1.000000 0.000000 0.000000 
6.690000 1.000000 1.000000 0.000000 0.000000 
6.710000 1.000000 1.000000 0.000000 0.000000 
6.730000 1.000000 1.000000 0.000000 0.000000 
6.750000 1.000000 1.000000 0.000000 0.000000 
6.770000 1.000000 1.000000 0.000000 0.000000 
6.790000 1.000000 1.000000 0.000000 0.000000 
6.810000 1.000000 1.000000 0.000000 0.000000 
6.830000 1.000000 1.000000 0.000000 0.000000 
6.850000 1.000000 1.000000 0.000000 0.000000 
6.870000 1.000000 1.000000 0.000000 0.000000 
6.890000 1.000000 1.000000 0.000000 0.000000 
6.910000 1.000000 1.000000 0.000000 0.000000 
6.930000 1.000000 1.000000 0.000000 0.000000 
6.950000 1.000000 1.000000 0.000000 0.000000 
6.970000 1.000000 1.000000 0.000000 0.000000 
6.990000 1.000000 1.000000 0.000000 0.000000 
7.010000 1.000000 1.000000 0.000000 0.000000 
7.030000 1.000000 1.000000 0.000000 0.000000 
7.050000 1.000000 1.000000 0.000000 0.000000 
7.070000 1.000000 1.000000 0.000000 0.000000 
7.090000 1.000000 1.000000 0.000000 0.000000 
7.110000 1.000000 1.000000 0.000000 0.000000 
7.130000 1.000000 1.000000 0.000000 0.000000 
7.150000 1.000000 1.000000 0.000000 0.000000 
7.170000 1.000000 1.000000 0.000000 0.000000 
7.190000 1.000000 1.000000 0.000000 0.000000 
7.210000 1.000000 1.000000 0.000000 0.000000 
7.230000 1.000000 1.000000 0.000000 0.000000 
7.250000 1.000000 1.000000 0.000000 0.000000 
7.270000 1.000000 1.000000 0.000000 0.000000 
7.290000 1.000000 1.000000 0.000000 0.000000 
7.310000 1.000000 1.000000 0.000000 0.000000 
7.330000 1.000000 1.000000 0.000000 0.000000 
7.350000 1.000000 1.000000 0.000000 0.000000 
7.370000 1.000000 1.000000 0.000000 0.000000 
7.390000 1.000000 1.000000 0.000000 0.000000 
7.410000 1.000000 1.000000 0.000000 0.000000 
7.430000 1.000000 1.000000 0.000000 0.000000 
7.450000 1.000000 1.000000 0.000000 0.000000 
7.470000 1.000000 1.000000 0.000000 0.000000 
7.490000 1.000000 1.000000 0.000000 0.000000 
7.510000 1.000000 1.000000 0.000000 0.000000 
7.530000 1.000000 1.000000 0.000000 0.000000 
7.550000 1.000000 1.000000 0.000000 0.000000 
7.570000 1.000000 1.000000 0.000000 0.000000 
7.590000 1.000000 1.000000 0.000000 0.000000 
7.610000 1.000000 1.000000 0.000000 0.000000 
7.630000 1.000000 1.000000 0.000000 0.000000 
7.650000 1.000000 1.000000 0.000000 0.000000 
7.670000 1.000000 1.000000 0.000000 0.000000 
7.690000 1.000000 1.000000 0.000000 0.000000 
7.710000 1.000000 1.000000 0.000000 0.000000 
7.730000 1.000000 1.000000 0.000000 0.000000 
7.750000 1.000000 1.000000 0.000000 0.000000 
7.770000 1.000000 1.000000 0.000000 0.000000 
7.790000 1.000000 1.000000 0.000000 0.000000 
7.810000 1.000000 1.000000 0.000000 0.000000 
7.830000 1.000000 1.000000 0.000000 0.000000 
7.850000 1.000000 1.000000 0.000000 0.000000 
7.870000 1.000000 1.000000 0.000000 0.000000 
7.890000 1.000000 1.000000 0.000000 0.000000 
7.910000 1.000000 1.000000 0.000000 0.000000 
7.930000 1.000000 1.000000 0.000000 0.000000 
7.950000 1.000000 1.000000 0.000000 0.000000 
7.970000 1.000000 1.000000 0.000000 0.000000 
7.990000 1.000000 1.000000 0.000000 0.000000 
8.010000 1.000000 1.000000 0.000000 0.000000 
8.030000 1.000000 1.000000 0.000000 0.000000 
8.050000 1.000000 1.000000 0.000000 0.000000 
8.070000 1.000000 1.000000 0.000000 0.000000 
8.090000 1.000000 1.000000 0.000000 0.000000 
8.110000 1.000000 1.000000 0.000000 0.000000 
8.130000 1.000000 1.000000 0.000000 0.000000 
8.150000 1.000000 1.000000 0.000000 0.000000 
8.170000 1.000000 1.000000 0.000000 0.000000 
8.190000 1.000000 1.000000 0.000000 0.000000 
8.210000 1.000000 1.000000 0.000000 0.000000 
8.230000 1.000000 1.000000 0.000000 0.000000 
8.250000 1.000000 1.000000 0.000000 0.000000 
8.270000 1.000000 1.000000 0.000000 0.000000 
8.290000 1.000000 1.000000 0.000000 0.000000 
8.310000 1.000000 1.000000 0.000000 0.000000 
8.330000 1.000000 1.000000 0.000000 0.000000 
8.350000 1.000000 1.000000 0.000000 0.000000 
8.370000 1.000000 1.000000 0.000000 0.000000 
8.390000 1.000000 1.000000 0.000000 0.000000 
8.410000 1.000000 1.000000 0.000000 0.000000 
8.430000 1.000000 1.000000 0.000000 0.000000 
8.450000 1.000000 1.000000 0.000000 0.000000 
8.470000 1.000000 1.000000 0.000000 0.000000 
8.490000 1.000000 1.000000 0.000000 0.000000 
8.510000 1.000000 1.000000 0.000000 0.000000 
8.530000 1.000000 1.000000 0.000000 0.000000 
8.550000 1.000000 1.000000 0.000000 0.000000 
8.570000 1.000000 1.000000 0.000000 0.000000 
8.590000 1.000000 1.000000 0.000000 0.000000 
8.610000 1.000000 1.000000 0.000000 0.000000 
8.630000 1.000000 1.000000 0.000000 0.000000 
8.650000 1.000000 1.000000 0.000000 0.000000 
8.670000 1.000000 1.000000 0.000000 0.000000 
8.690000 1.000000 1.000000 0.000000 0.000000 
8.710000 1.000000 1.000000 0.000000 0.000000 
8.730000 1.000000 1.000000 0.000000 0.000000 
8.750000 1.000000 1.000000 0.000000 0.000000 
8.770000 1.000000 1.000000 0.000000 0.000000 
8.790000 1.000000 1.000000 0.000000 0.000000 
8.810000 1.000000 1.000000 0.000000 0.000000 
8.830000 1.000000 1.000000 0.000000 0.000000 
8.850000 1.000000 1.000000 0.000000 0.000000 
8.870000 1.000000 1.000000 0.000000 0.000000 
8.890000 1.000000 1.000000 0.000000 0.000000 
8.910000 1.000000 1.000000 0.000000 0.000000 
8.930000 1.000000 1.000000 0.000000 0.000000 
8.950000 1.000000 1.000000 0.000000 0.000000 
8.970000 1.000000 1.000000 0.000000 0.000000 
8.990000 1.000000 1.000000 0.000000 0.000000 
9.010000 1.000000 1.000000 0.000000 0.000000 
9.030000 1.000000 1.000000 0.000000 0.000000 
9.050000 1.000000 1.000000 0.000000 0.000000 
9.070000 1.000000 1.000000 0.000000 0.000000 
9.090000 1.000000 1.000000 0.000000 0.000000 
9.110000 1.000000 1.000000 0.000000 0.000000 
9.130000 1.000000 1.000000 0.000000 0.000000 
9.150000 1.000000 1.000000 0.000000 0.000000 
9.170000 1.000000 1.000000 0.000000 0.000000 
9.190000 1.000000 1.000000 0.000000 0.000000 
9.210000 1.000000 1.000000 0.000000 0.000000 
9.230000 1.000000 1.000000 0.000000 0.000000 
9.250000 1.000000 1.000000 0.000000 0.000000 
9.270000 1.000000 1.000000 0.000000 0.000000 
9.290000 1.000000 1.000000 0.000000 0.000000 
9.310000 1.000000 1.000000 0.000000 0.000000 
9.330000 1.000000 1.000000 0.000000 0.000000 
9.350000 1.000000 1.000000 0.000000 0.000000 
9.370000 1.000000 1.000000 0.000000 0.000000 
9.390000 1.000000 1.000000 0.000000 0.000000 
9.410000 1.000000 1.000000 0.000000 0.000000 
9.430000 1.000000 1.000000 0.000000 0.000000 
9.450000 1.000000 1.000000 0.000000 0.000000 
9.470000 1.000000 1.000000 0.000000 0.000000 
9.490000 1.000000 1.000000 0.000000 0.000000 
9.510000 1.000000 1.000000 0.000000 0.000000 
9.530000 1.000000 1.000000 0.000000 0.000000 
9.550000 1.000000 1.000000 0.000000 0.000000 
9.570000 1.000000 1.000000 0.000000 0.000000 
9.590000 1.000000 1.000000 0.000000 0.000000 
9.610000 1.000000 1.000000 0.000000 0.000000 
9.630000 1.000000 1.000000 0.000000 0.000000 
9.650000 1.000000 1.000000 0.000000 0.000000 
9.670000 1.000000 1.000000 0.000000 0.000000 
9.690000 1.000000 1.000000 0.000000 0.000000 
9.710000 1.000000 1.000000 0.000000 0.000000 
9.730000 1.000000 1.000000 0.000000 0.000000 
9.750000 1.000000 1.000000 0.000000 0.000000 
9.770000 1.000000 1.000000 0.000000 0.000000 
9.790000 1.000000 1.000000 0.000000 0.000000 
9.810000 1.000000 1.000000 0.000000 0.000000 
9.830000 1.000000 1.000000 0.000000 0.000000 
9.850000 1.000000 1.000000 0.000000 0.000000 
9.870000 1.000000 1.000000 0.000000 0.000000 
9.890000 1.000000 1.000000 0.000000 0.000000 
9.910000 1.000000 1.000000 0.000000 0.000000 
9.930000 1.000000 1.000000 0.000000 0.000000 
9.950000 1.000000 1.000000 0.000000 0.000000 
9.970000 1.000000 1.000000 0.000000 0.000000 
9.990000 1.000000 1.000000 0.000000 0.000000 
10.010000 1.000000 1.000000 0.000000 0.000000 
