-10.010000 1.000000 1.000000 -1.000000 -1.000000
-9.990000 1.000000 1.000000 -1.000000 -1.000000
-9.970000 1.000000 1.000000 -1.000000 -1.000000
-9.950000 1.000000 1.000000 -1.000000 -1.000000
-9.930000 1.000000 1.000000 -1.000000 -1.000000
-9.910000 1.000000 1.000000 -1.000000 -1.000000
-9.890000 1.000000 1.000000 -1.000000 -1.000000
-9.870000 1.000000 1.000000 -1.000000 -1.000000
-9.850000 1.000000 1.000000 -1.000000 -1.000000
-9.830000 1.000000 1.000000 -1.000000 -1.000000
-9.810000 1.000000 1.000000 -1.000000 -1.000000
-9.790000 1.000000 1.000000 -1.000000 -1.000000
-9.770000 1.000000 1.000000 -1.000000 -1.000000
-9.750000 1.000000 1.000000 -1.000000 -1.000000
-9.730000 1.000000 1.000000 -1.000000 -1.000000
-9.710000 1.000000 1.000000 -1.000000 -1.000000
-9.690000 1.000000 1.000000 -1.000000 -1.000000
-9.670000 1.000000 1.000000 -1.000000 -1.000000
-9.650000 1.000000 1.000000 -1.000000 -1.000000
-9.630000 1.000000 1.000000 -1.000000 -1.000000
-9.610000 1.000000 1.000000 -1.000000 -1.000000
-9.590000 1.000000 1.000000 -1.000000 -0.999999
-9.570000 1.000000 1.000000 -1.000000 -0.999999
-9.550000 1.000000 1.000000 -1.000000 -0.999999
-9.530000 1.000000 0.999999 -1.000000 -0.999998
-9.510000 1.000000 0.999999 -1.000000 -0.999998
-9.490000 1.000000 0.999999 -1.000000 -0.999997
-9.470000 1.000000 0.999999 -1.000000 -0.999996
-9.450000 1.000000 0.999998 -1.000000 -0.999994
-9.430000 1.000000 0.999998 -1.000000 -0.999992
-9.410000 1.000000 0.999997 -1.000000 -0.999990
-9.390000 1.000000 0.999996 -1.000000 -0.999986
-9.370000 1.000000 0.999994 -1.000000 -0.999982
-9.350000 1.000000 0.999992 -1.000000 -0.999976
-9.330000 1.000000 0.999990 -1.000000 -0.999969
-9.310000 1.000000 0.999987 -1.000000 -0.999960
-9.290000 1.000000 0.999984 -1.000000 -0.999949
-9.270000 1.000000 0.999979 -1.000000 -0.999934
-9.250000 1.000000 0.999973 -1.000000 -0.999916
-9.230000 1.000000 0.999966 -1.000000 -0.999893
-9.210000 1.000000 0.999957 -1.000000 -0.999864
-9.190000 1.000000 0.999945 -1.000000 -0.999829
-9.170000 1.000000 0.999932 -1.000000 -0.999786
-9.150000 1.000000 0.999915 -1.000000 -0.999733
-9.130000 1.000000 0.999894 -1.000000 -0.999668
-9.110000 1.000000 0.999869 -1.000000 -0.999590
-9.090000 1.000000 0.999839 -1.000000 -0.999496
-9.070000 1.000000 0.999803 -1.000000 -0.999383
-9.050000 1.000000 0.999760 -1.000000 -0.999249
-9.030000 1.000000 0.999710 -1.000000 -0.999090
-9.010000 1.000000 0.999650 -1.000000 -0.998902
-8.990000 1.000000 0.999579 -1.000000 -0.998682
-8.970000 1.000000 0.999497 -1.000000 -0.998425
-8.950000 1.000000 0.999402 -1.000000 -0.998127
-8.930000 1.000000 0.999292 -1.000000 -0.997782
-8.910000 1.000000 0.999165 -1.000000 -0.997385
-8.890000 1.000000 0.999021 -1.000000 -0.996932
-8.870000 1.000000 0.998856 -1.000000 -0.996416
-8.850000 1.000000 0.998670 -1.000000 -0.995832
-8.830000 1.000000 0.998460 -1.000000 -0.995173
-8.810000 1.000000 0.998224 -1.000000 -0.994435
-8.790000 1.000000 0.997961 -1.000000 -0.993610
-8.770000 1.000000 0.997669 -1.000000 -0.992694
-8.750000 1.000000 0.997346 -1.000000 -0.991681
-8.730000 1.000000 0.996990 -1.000000 -0.990565
-8.710000 1.000000 0.996600 -1.000000 -0.989341
-8.690000 1.000000 0.996174 -1.000000 -0.988005
-8.670000 1.000000 0.995711 -1.000000 -0.986553
-8.650000 1.000000 0.995210 -1.000000 -0.984980
-8.630000 1.000000 0.994669 -1.000000 -0.983282
-8.610000 1.000000 0.994088 -1.000000 -0.981458
-8.590000 1.000000 0.993467 -1.000000 -0.979505
-8.570000 1.000000 0.992803 -1.000000 -0.977421
-8.550000 1.000000 0.992098 -1.000000 -0.975204
-8.530000 1.000000 0.991351 -1.000000 -0.972854
-8.510000 1.000000 0.990561 -1.000000 -0.970370
-8.490000 1.000000 0.989730 -1.000000 -0.967754
-8.470000 1.000000 0.988856 -1.000000 -0.965004
-8.450000 1.000000 0.987942 -1.000000 -0.962123
-8.430000 1.000000 0.986986 -1.000000 -0.959113
-8.410000 1.000000 0.985991 -1.000000 -0.955974
-8.390000 1.000000 0.984956 -1.000000 -0.952709
-8.370000 1.000000 0.983882 -1.000000 -0.949321
-8.350000 1.000000 0.982771 -1.000000 -0.945813
-8.330000 1.000000 0.981623 -1.000000 -0.942186
-8.310000 1.000000 0.980440 -1.000000 -0.938446
-8.290000 1.000000 0.979222 -1.000000 -0.934594
-8.270000 1.000000 0.977971 -1.000000 -0.930634
-8.250000 0.997874 0.976688 -0.993338 -0.926570
-8.230000 0.995751 0.975373 -0.986676 -0.922404
-8.210000 0.993629 0.974029 -0.980014 -0.918142
-8.190000 0.991510 0.972657 -0.973352 -0.913786
-8.170000 0.989393 0.971257 -0.966690 -0.909339
-8.150000 0.987279 0.969830 -0.960028 -0.904806
-8.130000 0.985166 0.968378 -0.953366 -0.900189
-8.110000 0.983056 0.966903 -0.946704 -0.895492
-8.090000 0.980949 0.965404 -0.940042 -0.890719
-8.070000 0.978843 0.963884 -0.933380 -0.885872
-8.050000 0.976740 0.962342 -0.926718 -0.880954
-8.030000 0.974639 0.960781 -0.920056 -0.875969
-8.010000 0.972540 0.959201 -0.913394 -0.870920
-7.990000 0.970444 0.957603 -0.906732 -0.865810
-7.970000 0.968349 0.955987 -0.900070 -0.860640
-7.950000 0.966257 0.954356 -0.893408 -0.855414
-7.930000 0.964168 0.952709 -0.886746 -0.850135
-7.910000 0.962080 0.951048 -0.880084 -0.844804
-7.890000 0.959995 0.949373 -0.873422 -0.839424
-7.870000 0.957912 0.947685 -0.866760 -0.833998
-7.850000 0.955832 0.945984 -0.860098 -0.828526
-7.830000 0.953753 0.944272 -0.853436 -0.823012
-7.810000 0.951677 0.942549 -0.846775 -0.817458
-7.790000 0.949603 0.940815 -0.840113 -0.811865
-7.770000 0.947532 0.939071 -0.833451 -0.806234
-7.750000 0.945462 0.937318 -0.826789 -0.800568
-7.730000 0.943395 0.935556 -0.820127 -0.794868
-7.710000 0.941331 0.933786 -0.813465 -0.789136
-7.690000 0.939268 0.932008 -0.806803 -0.783373
-7.670000 0.937208 0.930222 -0.800141 -0.777581
-7.650000 0.935150 0.928430 -0.793479 -0.771760
-7.630000 0.933094 0.926631 -0.786817 -0.765913
-7.610000 0.931041 0.924826 -0.780155 -0.760039
-7.590000 0.928989 0.923015 -0.773493 -0.754141
-7.570000 0.926940 0.921198 -0.766831 -0.748220
-7.550000 0.924894 0.919377 -0.760169 -0.742275
-7.530000 0.922849 0.917550 -0.753507 -0.736310
-7.510000 0.920807 0.915719 -0.746845 -0.730323
-7.490000 0.918767 0.913884 -0.740183 -0.724317
-7.470000 0.916729 0.912045 -0.733521 -0.718291
-7.450000 0.914694 0.910202 -0.726859 -0.712248
-7.430000 0.912661 0.908356 -0.720197 -0.706187
-7.410000 0.910630 0.906506 -0.713535 -0.700109
-7.390000 0.908601 0.904654 -0.706873 -0.694016
-7.370000 0.906575 0.902799 -0.700211 -0.687906
-7.350000 0.904551 0.900941 -0.693549 -0.681782
-7.330000 0.902529 0.899080 -0.686887 -0.675644
-7.310000 0.900510 0.897218 -0.680225 -0.669492
-7.290000 0.898492 0.895353 -0.673563 -0.663327
-7.270000 0.896477 0.893487 -0.666901 -0.657150
-7.250000 0.894465 0.891619 -0.660239 -0.650960
-7.230000 0.892454 0.889749 -0.653577 -0.644759
-7.210000 0.890446 0.887878 -0.646915 -0.638546
-7.190000 0.888440 0.886006 -0.640253 -0.632323
-7.170000 0.886436 0.884132 -0.633591 -0.626089
-7.150000 0.884435 0.882258 -0.626929 -0.619845
-7.130000 0.882435 0.880382 -0.620267 -0.613592
-7.110000 0.880438 0.878506 -0.613605 -0.607329
-7.090000 0.878444 0.876629 -0.606943 -0.601057
-7.070000 0.876451 0.874751 -0.600281 -0.594777
-7.050000 0.874461 0.872873 -0.593619 -0.588488
-7.030000 0.872473 0.870995 -0.586957 -0.582191
-7.010000 0.870488 0.869116 -0.580295 -0.575886
-6.990000 0.868504 0.867237 -0.573633 -0.569574
-6.970000 0.866523 0.865358 -0.566971 -0.563255
-6.950000 0.864544 0.863479 -0.560309 -0.556928
-6.930000 0.862568 0.861600 -0.553647 -0.550595
-6.910000 0.860594 0.859721 -0.546985 -0.544255
-6.890000 0.858621 0.857842 -0.540324 -0.537909
-6.870000 0.856652 0.855963 -0.533662 -0.531556
-6.850000 0.854684 0.854085 -0.527000 -0.525198
-6.830000 0.852719 0.852207 -0.520338 -0.518834
-6.810000 0.850756 0.850330 -0.513676 -0.512464
-6.790000 0.848795 0.848453 -0.507014 -0.506089
-6.770000 0.846837 0.846576 -0.500352 -0.499709
-6.750000 0.844880 0.844700 -0.493690 -0.493323
-6.730000 0.842926 0.842825 -0.487028 -0.486933
-6.710000 0.840975 0.840950 -0.480366 -0.480538
-6.690000 0.839025 0.839076 -0.473704 -0.474138
-6.670000 0.837078 0.837203 -0.467042 -0.467733
-6.650000 0.835133 0.835330 -0.460380 -0.461325
-6.630000 0.833191 0.833459 -0.453718 -0.454912
-6.610000 0.831250 0.831588 -0.447056 -0.448495
-6.590000 0.829312 0.829719 -0.440394 -0.442073
-6.570000 0.827376 0.827850 -0.433732 -0.435648
-6.550000 0.825443 0.825982 -0.427070 -0.429220
-6.530000 0.823511 0.824115 -0.420408 -0.422787
-6.510000 0.821582 0.822250 -0.413746 -0.416351
-6.490000 0.819655 0.820385 -0.407084 -0.409911
-6.470000 0.817731 0.818522 -0.400422 -0.403468
-6.450000 0.815809 0.816660 -0.393760 -0.397022
-6.430000 0.813889 0.814799 -0.387098 -0.390573
-6.410000 0.811971 0.812939 -0.380436 -0.384120
-6.390000 0.810055 0.811080 -0.373774 -0.377664
-6.370000 0.808142 0.809223 -0.367112 -0.371206
-6.350000 0.806231 0.807367 -0.360450 -0.364744
-6.330000 0.804322 0.805512 -0.353788 -0.358280
-6.310000 0.802416 0.803659 -0.347126 -0.351812
-6.290000 0.800512 0.801807 -0.340464 -0.345343
-6.270000 0.798610 0.799956 -0.333802 -0.338870
-6.250000 0.796710 0.798107 -0.327140 -0.332395
-6.230000 0.794813 0.796259 -0.320478 -0.325917
-6.210000 0.792918 0.794413 -0.313816 -0.319437
-6.190000 0.791025 0.792568 -0.307154 -0.312955
-6.170000 0.789134 0.790724 -0.300492 -0.306470
-6.150000 0.787246 0.788882 -0.293830 -0.299983
-6.130000 0.785360 0.787042 -0.287168 -0.293494
-6.110000 0.783476 0.785203 -0.280506 -0.287002
-6.090000 0.781594 0.783366 -0.273844 -0.280509
-6.070000 0.779715 0.781530 -0.267182 -0.274013
-6.050000 0.777838 0.779696 -0.260520 -0.267515
-6.030000 0.775963 0.777863 -0.253858 -0.261016
-6.010000 0.774091 0.776032 -0.247196 -0.254514
-5.990000 0.772220 0.774202 -0.240534 -0.248010
-5.970000 0.770352 0.772375 -0.233873 -0.241505
-5.950000 0.768487 0.770548 -0.227211 -0.234998
-5.930000 0.766623 0.768724 -0.220549 -0.228489
-5.910000 0.764762 0.766901 -0.213887 -0.221978
-5.890000 0.762903 0.765080 -0.207225 -0.215465
-5.870000 0.761046 0.763261 -0.200563 -0.208951
-5.850000 0.759192 0.761443 -0.193901 -0.202435
-5.830000 0.757340 0.759627 -0.187239 -0.195918
-5.810000 0.755490 0.757812 -0.180577 -0.189398
-5.790000 0.753642 0.756000 -0.173915 -0.182878
-5.770000 0.751797 0.754189 -0.167253 -0.176356
-5.750000 0.749954 0.752380 -0.160591 -0.169832
-5.730000 0.748113 0.750572 -0.153929 -0.163307
-5.710000 0.746274 0.748767 -0.147267 -0.156780
-5.690000 0.744438 0.746963 -0.140605 -0.150252
-5.670000 0.742604 0.745161 -0.133943 -0.143723
-5.650000 0.740772 0.743361 -0.127281 -0.137192
-5.630000 0.738942 0.741562 -0.120619 -0.130660
-5.610000 0.737115 0.739766 -0.113957 -0.124126
-5.590000 0.735290 0.737971 -0.107295 -0.117591
-5.570000 0.733467 0.736178 -0.100633 -0.111055
-5.550000 0.731647 0.734387 -0.093971 -0.104518
-5.530000 0.729829 0.732598 -0.087309 -0.097979
-5.510000 0.728013 0.730810 -0.080647 -0.091439
-5.490000 0.726199 0.729025 -0.073985 -0.084898
-5.470000 0.724388 0.727241 -0.067323 -0.078356
-5.450000 0.722578 0.725459 -0.060661 -0.071813
-5.430000 0.720771 0.723679 -0.053999 -0.065268
-5.410000 0.718967 0.721901 -0.047337 -0.058723
-5.390000 0.717164 0.720125 -0.040675 -0.052176
-5.370000 0.715364 0.718350 -0.034013 -0.045628
-5.350000 0.713566 0.716578 -0.027351 -0.039080
-5.330000 0.711771 0.714807 -0.020689 -0.032530
-5.310000 0.709977 0.713039 -0.014027 -0.025979
-5.290000 0.708186 0.711272 -0.007365 -0.019427
-5.270000 0.706397 0.709507 -0.000703 -0.012874
-5.250000 0.704611 0.707744 0.005959 -0.006320
-5.230000 0.702827 0.705983 0.012621 0.000235
-5.210000 0.701045 0.704224 0.019283 0.006791
-5.190000 0.699265 0.702467 0.025945 0.013348
-5.170000 0.697487 0.700712 0.032607 0.019906
-5.150000 0.695712 0.698959 0.039269 0.026465
-5.130000 0.693939 0.697207 0.045931 0.033025
-5.110000 0.692168 0.695458 0.052593 0.039585
-5.090000 0.690400 0.693711 0.059255 0.046147
-5.070000 0.688634 0.691965 0.065917 0.052709
-5.050000 0.686870 0.690222 0.072578 0.059272
-5.030000 0.685108 0.688480 0.079240 0.065836
-5.010000 0.683349 0.686741 0.085902 0.072401
-4.990000 0.681591 0.685003 0.092564 0.078967
-4.970000 0.679837 0.683268 0.099226 0.085534
-4.950000 0.678084 0.681534 0.105888 0.092101
-4.930000 0.676334 0.679803 0.112550 0.098670
-4.910000 0.674585 0.678073 0.119212 0.105239
-4.890000 0.672840 0.676345 0.125874 0.111809
-4.870000 0.671096 0.674620 0.132536 0.118379
-4.850000 0.669355 0.672896 0.139198 0.124951
-4.830000 0.667616 0.671174 0.145860 0.131523
-4.810000 0.665879 0.669455 0.152522 0.138096
-4.790000 0.664144 0.667737 0.159184 0.144670
-4.770000 0.662412 0.666022 0.165846 0.151244
-4.750000 0.660682 0.664308 0.172508 0.157820
-4.730000 0.658954 0.662596 0.179170 0.164396
-4.710000 0.657229 0.660887 0.185832 0.170972
-4.690000 0.655506 0.659179 0.192494 0.177550
-4.670000 0.653785 0.657474 0.199156 0.184128
-4.650000 0.652066 0.655770 0.205818 0.190707
-4.630000 0.650349 0.654069 0.212480 0.197286
-4.610000 0.648635 0.652369 0.219142 0.203866
-4.590000 0.646923 0.650672 0.225804 0.210447
-4.570000 0.645214 0.648976 0.232466 0.217029
-4.550000 0.643506 0.647283 0.239128 0.223611
-4.530000 0.641801 0.645592 0.245790 0.230194
-4.510000 0.640098 0.643902 0.252452 0.236778
-4.490000 0.638398 0.642215 0.259114 0.243362
-4.470000 0.636699 0.640530 0.265776 0.249947
-4.450000 0.635003 0.638847 0.272438 0.256532
-4.430000 0.633309 0.637166 0.279100 0.263118
-4.410000 0.631618 0.635487 0.285762 0.269705
-4.390000 0.629929 0.633810 0.292424 0.276293
-4.370000 0.628242 0.632135 0.299086 0.282881
-4.350000 0.626557 0.630462 0.305748 0.289469
-4.330000 0.624874 0.628791 0.312410 0.296059
-4.310000 0.623194 0.627122 0.319072 0.302649
-4.290000 0.621516 0.625455 0.325734 0.309239
-4.270000 0.619840 0.623791 0.332396 0.315830
-4.250000 0.618167 0.622128 0.339058 0.322422
-4.230000 0.616496 0.620468 0.345720 0.329014
-4.210000 0.614827 0.618809 0.352382 0.335607
-4.190000 0.613160 0.617153 0.359044 0.342201
-4.170000 0.611496 0.615498 0.365706 0.348795
-4.150000 0.609834 0.613846 0.372368 0.355390
-4.130000 0.608174 0.612196 0.379029 0.361985
-4.110000 0.606516 0.610548 0.385691 0.368581
-4.090000 0.604861 0.608902 0.392353 0.375177
-4.070000 0.603208 0.607258 0.399015 0.381774
-4.050000 0.601557 0.605616 0.405677 0.388372
-4.030000 0.599908 0.603976 0.412339 0.394970
-4.010000 0.598262 0.602338 0.419001 0.401569
-3.990000 0.596618 0.600703 0.425663 0.408168
-3.970000 0.594976 0.599069 0.432325 0.414768
-3.950000 0.593336 0.597438 0.438987 0.421368
-3.930000 0.591699 0.595808 0.445649 0.427969
-3.910000 0.590064 0.594181 0.452311 0.434571
-3.890000 0.588431 0.592556 0.458973 0.441173
-3.870000 0.586801 0.590933 0.465635 0.447776
-3.850000 0.585173 0.589312 0.472297 0.454379
-3.830000 0.583547 0.587693 0.478959 0.460982
-3.810000 0.581923 0.586076 0.485621 0.467587
-3.790000 0.580302 0.584461 0.492283 0.474191
-3.770000 0.578682 0.582848 0.498945 0.480797
-3.750000 0.577066 0.581238 0.505607 0.487403
-3.730000 0.575451 0.579629 0.512269 0.494009
-3.710000 0.573839 0.578023 0.518931 0.500616
-3.690000 0.572228 0.576419 0.525593 0.507223
-3.670000 0.570621 0.574816 0.532255 0.513831
-3.650000 0.569015 0.573216 0.538917 0.520440
-3.630000 0.567412 0.571618 0.545579 0.527049
-3.610000 0.565811 0.570022 0.552241 0.533659
-3.590000 0.564212 0.568429 0.558903 0.540269
-3.570000 0.562615 0.566837 0.565565 0.546879
-3.550000 0.561021 0.565247 0.572227 0.553491
-3.530000 0.559429 0.563660 0.578889 0.560102
-3.510000 0.557839 0.562074 0.585551 0.566714
-3.490000 0.556252 0.560491 0.592213 0.573327
-3.470000 0.554666 0.558910 0.598875 0.579940
-3.450000 0.553083 0.557331 0.605537 0.586554
-3.430000 0.551503 0.555754 0.612199 0.593169
-3.410000 0.549924 0.554179 0.618861 0.599783
-3.390000 0.548348 0.552606 0.625523 0.606399
-3.370000 0.546774 0.551036 0.632185 0.613015
-3.350000 0.545202 0.549467 0.638847 0.619631
-3.330000 0.543633 0.547901 0.645509 0.626248
-3.310000 0.542066 0.546336 0.652171 0.632865
-3.290000 0.540501 0.544774 0.658833 0.639483
-3.270000 0.538938 0.543214 0.665495 0.646102
-3.250000 0.537378 0.541656 0.672157 0.652721
-3.230000 0.535820 0.540100 0.678818 0.659340
-3.210000 0.534264 0.538546 0.685480 0.665960
-3.190000 0.532711 0.536995 0.692142 0.672581
-3.170000 0.531159 0.535445 0.698804 0.679202
-3.150000 0.529610 0.533898 0.705466 0.685823
-3.130000 0.528063 0.532353 0.712128 0.692446
-3.110000 0.526519 0.530809 0.718790 0.699068
-3.090000 0.524977 0.529268 0.725452 0.705691
-3.070000 0.523437 0.527729 0.732114 0.712315
-3.050000 0.521899 0.526193 0.738776 0.718939
-3.030000 0.520363 0.524658 0.745438 0.725564
-3.010000 0.518830 0.523125 0.752100 0.732189
-2.990000 0.517299 0.521595 0.758762 0.738815
-2.970000 0.515771 0.520066 0.765424 0.745441
-2.950000 0.514244 0.518540 0.772086 0.752068
-2.930000 0.512720 0.517016 0.778748 0.758695
-2.910000 0.511198 0.515494 0.785410 0.765323
-2.890000 0.509678 0.513974 0.792072 0.771952
-2.870000 0.508161 0.512456 0.798734 0.778581
-2.850000 0.506646 0.510941 0.805396 0.785210
-2.830000 0.505133 0.509427 0.812058 0.791840
-2.810000 0.503623 0.507916 0.818720 0.798471
-2.790000 0.502114 0.506407 0.825382 0.805102
-2.770000 0.500608 0.504899 0.832044 0.811733
-2.750000 0.499104 0.503394 0.838706 0.818366
-2.730000 0.497603 0.501891 0.845368 0.824998
-2.710000 0.496104 0.500391 0.852030 0.831632
-2.690000 0.494607 0.498892 0.858692 0.838265
-2.670000 0.493112 0.497395 0.865354 0.844900
-2.650000 0.491619 0.495901 0.872016 0.851535
-2.630000 0.490129 0.494409 0.878678 0.858170
-2.610000 0.488641 0.492918 0.885340 0.864806
-2.590000 0.487155 0.491430 0.892002 0.871443
-2.570000 0.485672 0.489944 0.898664 0.878080
-2.550000 0.484191 0.488461 0.905326 0.884718
-2.530000 0.482712 0.486979 0.911988 0.891356
-2.510000 0.481235 0.485499 0.918650 0.897995
-2.490000 0.479761 0.484022 0.925312 0.904634
-2.470000 0.478289 0.482547 0.931974 0.911274
-2.450000 0.476819 0.481073 0.938636 0.917915
-2.430000 0.475351 0.479602 0.945298 0.924556
-2.410000 0.473886 0.478133 0.951960 0.931197
-2.390000 0.472423 0.476667 0.958622 0.937840
-2.370000 0.470962 0.475202 0.965284 0.944483
-2.350000 0.469503 0.473739 0.971946 0.951126
-2.330000 0.468047 0.472279 0.978608 0.957770
-2.310000 0.466593 0.470820 0.985269 0.964415
-2.290000 0.465141 0.469364 0.991931 0.971060
-2.270000 0.463692 0.467910 0.998593 0.977706
-2.250000 0.462244 0.466458 1.005255 0.984353
-2.230000 0.460799 0.465008 1.011917 0.991000
-2.210000 0.459357 0.463560 1.018579 0.997647
-2.190000 0.457916 0.462115 1.025241 1.004296
-2.170000 0.456478 0.460671 1.031903 1.010945
-2.150000 0.455042 0.459230 1.038565 1.017594
-2.130000 0.453608 0.457791 1.045227 1.024245
-2.110000 0.452177 0.456354 1.051889 1.030896
-2.090000 0.450748 0.454918 1.058551 1.037547
-2.070000 0.449321 0.453486 1.065213 1.044199
-2.050000 0.447896 0.452055 1.071875 1.050852
-2.030000 0.446474 0.450626 1.078537 1.057506
-2.010000 0.445054 0.449200 1.085199 1.064160
-1.990000 0.443636 0.447775 1.091861 1.070815
-1.970000 0.442220 0.446353 1.098523 1.077470
-1.950000 0.440807 0.444933 1.105185 1.084127
-1.930000 0.439396 0.443514 1.111847 1.090784
-1.910000 0.437987 0.442098 1.118509 1.097441
-1.890000 0.436581 0.440685 1.125171 1.104100
-1.870000 0.435176 0.439273 1.131833 1.110759
-1.850000 0.433774 0.437863 1.138495 1.117419
-1.830000 0.432375 0.436456 1.145157 1.124079
-1.810000 0.430977 0.435050 1.151819 1.130740
-1.790000 0.429582 0.433647 1.158481 1.137402
-1.770000 0.428189 0.432246 1.165143 1.144065
-1.750000 0.426798 0.430846 1.171805 1.150729
-1.730000 0.425410 0.429449 1.178467 1.157393
-1.710000 0.424024 0.428055 1.185129 1.164058
-1.690000 0.422640 0.426662 1.191791 1.170724
-1.670000 0.421258 0.425271 1.198453 1.177391
-1.650000 0.419879 0.423882 1.205115 1.184058
-1.630000 0.418502 0.422496 1.211777 1.190727
-1.610000 0.417127 0.421112 1.218439 1.197396
-1.590000 0.415754 0.419729 1.225101 1.204066
-1.570000 0.414384 0.418349 1.231763 1.210737
-1.550000 0.413016 0.416971 1.238425 1.217409
-1.530000 0.411650 0.415595 1.245087 1.224081
-1.510000 0.410286 0.414221 1.251749 1.230755
-1.490000 0.408925 0.412849 1.258411 1.237429
-1.470000 0.407566 0.411479 1.265073 1.244105
-1.450000 0.406209 0.410112 1.271735 1.250781
-1.430000 0.404855 0.408746 1.278397 1.257458
-1.410000 0.403503 0.407383 1.285059 1.264136
-1.390000 0.402153 0.406021 1.291720 1.270816
-1.370000 0.400805 0.404662 1.298382 1.277496
-1.350000 0.399459 0.403304 1.305044 1.284177
-1.330000 0.398116 0.401949 1.311706 1.290859
-1.310000 0.396775 0.400596 1.318368 1.297543
-1.290000 0.395437 0.399245 1.325030 1.304227
-1.270000 0.394100 0.397896 1.331692 1.310913
-1.250000 0.392766 0.396549 1.338354 1.317600
-1.230000 0.391434 0.395204 1.345016 1.324287
-1.210000 0.390104 0.393861 1.351678 1.330976
-1.190000 0.388777 0.392520 1.358340 1.337667
-1.170000 0.387452 0.391182 1.365002 1.344358
-1.150000 0.386129 0.389845 1.371664 1.351051
-1.130000 0.384809 0.388510 1.378326 1.357745
-1.110000 0.383490 0.387177 1.384988 1.364440
-1.090000 0.382174 0.385847 1.391650 1.371137
-1.070000 0.380860 0.384518 1.398312 1.377835
-1.050000 0.379549 0.383191 1.404974 1.384534
-1.030000 0.378240 0.381867 1.411636 1.391235
-1.010000 0.376933 0.380544 1.418298 1.397938
-0.990000 0.375628 0.379223 1.424960 1.404642
-0.970000 0.374325 0.377905 1.431622 1.411347
-0.950000 0.373025 0.376588 1.438284 1.418054
-0.930000 0.371727 0.375273 1.444946 1.424763
-0.910000 0.370432 0.373961 1.451608 1.431474
-0.890000 0.369138 0.372650 1.458270 1.438186
-0.870000 0.367847 0.371341 1.464932 1.444901
-0.850000 0.366558 0.370034 1.471594 1.451617
-0.830000 0.365271 0.368729 1.478256 1.458335
-0.810000 0.363987 0.367426 1.484918 1.465055
-0.790000 0.362705 0.366125 1.491580 1.471778
-0.770000 0.361425 0.364825 1.498242 1.478502
-0.750000 0.360147 0.363528 1.504904 1.485229
-0.730000 0.358872 0.362232 1.511566 1.491959
-0.710000 0.357599 0.360938 1.518228 1.498690
-0.690000 0.356328 0.359646 1.524890 1.505425
-0.670000 0.355060 0.358356 1.531552 1.512162
-0.650000 0.353793 0.357068 1.538214 1.518902
-0.630000 0.352529 0.355781 1.544876 1.525646
-0.610000 0.351268 0.354496 1.551538 1.532392
-0.590000 0.350008 0.353213 1.558200 1.539142
-0.570000 0.348751 0.351931 1.564862 1.545895
-0.550000 0.347496 0.350651 1.571524 1.552653
-0.530000 0.346243 0.349373 1.578186 1.559414
-0.510000 0.344993 0.348096 1.584848 1.566179
-0.490000 0.343745 0.346820 1.591510 1.572949
-0.470000 0.342499 0.345546 1.598171 1.579724
-0.450000 0.341255 0.344274 1.604833 1.586505
-0.430000 0.340014 0.343002 1.611495 1.593291
-0.410000 0.338774 0.341732 1.618157 1.600083
-0.390000 0.337538 0.340463 1.624819 1.606881
-0.370000 0.336303 0.339195 1.631481 1.613687
-0.350000 0.335071 0.337928 1.638143 1.620501
-0.330000 0.333841 0.336662 1.644805 1.627323
-0.310000 0.332613 0.335396 1.651467 1.634156
-0.290000 0.331387 0.334131 1.658129 1.640999
-0.270000 0.330164 0.332866 1.664791 1.647854
-0.250000 0.328943 0.331600 1.671453 1.654723
-0.230000 0.327724 0.330334 1.678115 1.661608
-0.210000 0.326507 0.329068 1.684777 1.668511
-0.190000 0.325293 0.327799 1.691439 1.675436
-0.170000 0.324081 0.326529 1.698101 1.682386
-0.150000 0.322871 0.325255 1.704763 1.689367
-0.130000 0.321664 0.323977 1.711425 1.696387
-0.110000 0.320459 0.322692 1.718087 1.703456
-0.090000 0.319256 0.321399 1.724749 1.710591
-0.070000 0.318055 0.320091 1.731411 1.717818
-0.050000 0.316857 0.318760 1.738073 1.725184
-0.030000 0.315661 0.317389 1.744735 1.732791
-0.010000 0.314467 0.315926 1.751397 1.740931
0.010000 0.313275 0.311256 1.758059 1.767042
0.030000 0.312086 0.309834 1.764721 1.775030
0.050000 0.310899 0.308518 1.771383 1.782434
0.070000 0.309714 0.307253 1.778045 1.789570
0.090000 0.308531 0.306018 1.784707 1.796548
0.110000 0.307351 0.304804 1.791369 1.803420
0.130000 0.306173 0.303606 1.798031 1.810214
0.150000 0.304997 0.302422 1.804693 1.816948
0.170000 0.303823 0.301248 1.811355 1.823634
0.190000 0.302652 0.300083 1.818017 1.830280
0.210000 0.301483 0.298926 1.824679 1.836891
0.230000 0.300316 0.297778 1.831341 1.843472
0.250000 0.299152 0.296636 1.838003 1.850025
0.270000 0.297990 0.295500 1.844665 1.856554
0.290000 0.296830 0.294371 1.851327 1.863060
0.310000 0.295672 0.293247 1.857989 1.869543
0.330000 0.294516 0.292130 1.864651 1.876006
0.350000 0.293363 0.291018 1.871313 1.882449
0.370000 0.292212 0.289911 1.877975 1.888871
0.390000 0.291064 0.288810 1.884637 1.895274
0.410000 0.289917 0.287714 1.891299 1.901657
0.430000 0.288773 0.286624 1.897960 1.908020
0.450000 0.287631 0.285540 1.904622 1.914363
0.470000 0.286492 0.284461 1.911284 1.920685
0.490000 0.285354 0.283387 1.917946 1.926986
0.510000 0.284219 0.282320 1.924608 1.933265
0.530000 0.283086 0.281258 1.931270 1.939520
0.550000 0.281956 0.280202 1.937932 1.945752
0.570000 0.280828 0.279153 1.944594 1.951958
0.590000 0.279702 0.278110 1.951256 1.958137
0.610000 0.278578 0.277074 1.957918 1.964287
0.630000 0.277456 0.276045 1.964580 1.970407
0.650000 0.276337 0.275023 1.971242 1.976495
0.670000 0.275220 0.274009 1.977904 1.982549
0.690000 0.274105 0.273003 1.984566 1.988565
0.710000 0.272993 0.272005 1.991228 1.994541
0.730000 0.271883 0.271017 1.997890 2.000474
0.750000 0.270775 0.270038 2.004552 2.006360
0.770000 0.269669 0.269069 2.011214 2.012197
0.790000 0.268566 0.268110 2.017876 2.017978
0.810000 0.267464 0.267164 2.024538 2.023701
0.830000 0.266366 0.266229 2.031200 2.029359
0.850000 0.265269 0.265308 2.037862 2.034948
0.870000 0.264175 0.264400 2.044524 2.040460
0.890000 0.263082 0.263508 2.051186 2.045889
0.910000 0.261993 0.262632 2.057848 2.051228
0.930000 0.260905 0.261774 2.064510 2.056469
0.950000 0.259820 0.260934 2.071172 2.061602
0.970000 0.258737 0.260115 2.077834 2.066619
0.990000 0.257656 0.259318 2.084496 2.071510
1.010000 0.256577 0.258544 2.091158 2.076263
1.030000 0.255501 0.257795 2.097820 2.080868
1.050000 0.254427 0.257074 2.104482 2.085312
1.070000 0.253355 0.256381 2.111144 2.089585
1.090000 0.252286 0.255719 2.117806 2.093673
1.110000 0.251219 0.255090 2.124468 2.097564
1.130000 0.250154 0.254495 2.131130 2.101247
1.150000 0.250000 0.253935 2.132092 2.104711
1.170000 0.250000 0.253414 2.132092 2.107946
1.190000 0.250000 0.252930 2.132092 2.110945
1.210000 0.250000 0.252487 2.132092 2.113700
1.230000 0.250000 0.252083 2.132092 2.116209
1.250000 0.250000 0.251719 2.132092 2.118471
1.270000 0.250000 0.251394 2.132092 2.120489
1.290000 0.250000 0.251108 2.132092 2.122267
1.310000 0.250000 0.250859 2.132092 2.123817
1.330000 0.250000 0.250644 2.132092 2.125148
1.350000 0.250000 0.250462 2.132092 2.126278
1.370000 0.250000 0.250310 2.132092 2.127222
1.390000 0.250000 0.250185 2.132092 2.127999
1.410000 0.250000 0.250082 2.132092 2.128629
1.430000 0.250000 0.250001 2.132092 2.129132
1.450000 0.250000 0.249936 2.132092 2.129526
1.470000 0.250000 0.249886 2.132092 2.129831
1.490000 0.250000 0.249848 2.132092 2.130061
1.510000 0.250000 0.249819 2.132092 2.130232
1.530000 0.250000 0.249797 2.132092 2.130357
1.550000 0.250000 0.249782 2.132092 2.130445
1.570000 0.250000 0.249770 2.132092 2.130506
1.590000 0.250000 0.249762 2.132092 2.130547
1.610000 0.250000 0.249757 2.132092 2.130573
1.630000 0.250000 0.249753 2.132092 2.130589
1.650000 0.250000 0.249750 2.132092 2.130597
1.670000 0.250000 0.249748 2.132092 2.130599
1.690000 0.250000 0.249746 2.132092 2.130599
1.710000 0.250000 0.249745 2.132092 2.130596
1.730000 0.250000 0.249744 2.132092 2.130591
1.750000 0.250000 0.249743 2.132092 2.130586
1.770000 0.250000 0.249742 2.132092 2.130579
1.790000 0.250000 0.249742 2.132092 2.130573
1.810000 0.250000 0.249741 2.132092 2.130566
1.830000 0.250000 0.249740 2.132092 2.130560
1.850000 0.250000 0.249740 2.132092 2.130553
1.870000 0.250000 0.249739 2.132092 2.130546
1.890000 0.250000 0.249738 2.132092 2.130539
1.910000 0.250000 0.249738 2.132092 2.130533
1.930000 0.250000 0.249737 2.132092 2.130526
1.950000 0.250000 0.249736 2.132092 2.130519
1.970000 0.250000 0.249736 2.132092 2.130512
1.990000 0.250000 0.249735 2.132092 2.130506
2.010000 0.250000 0.249734 2.132092 2.130499
2.030000 0.250000 0.249733 2.132092 2.130492
2.050000 0.250000 0.249733 2.132092 2.130486
2.070000 0.250000 0.249732 2.132092 2.130479
2.090000 0.250000 0.249731 2.132092 2.130472
2.110000 0.250000 0.249730 2.132092 2.130466
2.130000 0.250000 0.249729 2.132092 2.130459
2.150000 0.250000 0.249728 2.132092 2.130452
2.170000 0.250000 0.249727 2.132092 2.130445
2.190000 0.250000 0.249727 2.132092 2.130439
2.210000 0.250000 0.249726 2.132092 2.130432
2.230000 0.250000 0.249725 2.132092 2.130425
2.250000 0.250000 0.249724 2.132092 2.130418
2.270000 0.250000 0.249723 2.132092 2.130411
2.290000 0.250000 0.249722 2.132092 2.130404
2.310000 0.250000 0.249721 2.132092 2.130398
2.330000 0.250000 0.249720 2.132092 2.130391
2.350000 0.250000 0.249719 2.132092 2.130384
2.370000 0.250000 0.249718 2.132092 2.130377
2.390000 0.250000 0.249717 2.132092 2.130370
2.410000 0.250000 0.249716 2.132092 2.130362
2.430000 0.250000 0.249715 2.132092 2.130355
2.450000 0.250000 0.249714 2.132092 2.130348
2.470000 0.250000 0.249713 2.132092 2.130341
2.490000 0.250000 0.249712 2.132092 2.130334
2.510000 0.250000 0.249711 2.132092 2.130326
2.530000 0.250000 0.249710 2.132092 2.130319
2.550000 0.250000 0.249709 2.132092 2.130312
2.570000 0.250000 0.249708 2.132092 2.130304
2.590000 0.250000 0.249707 2.132092 2.130297
2.610000 0.250000 0.249706 2.132092 2.130289
2.630000 0.250000 0.249705 2.132092 2.130282
2.650000 0.250000 0.249703 2.132092 2.130274
2.670000 0.250000 0.249702 2.132092 2.130266
2.690000 0.250000 0.249701 2.132092 2.130259
2.710000 0.250000 0.249700 2.132092 2.130251
2.730000 0.250000 0.249699 2.132092 2.130243
2.750000 0.250000 0.249698 2.132092 2.130235
2.770000 0.250000 0.249696 2.132092 2.130227
2.790000 0.250000 0.249695 2.132092 2.130219
2.810000 0.250000 0.249694 2.132092 2.130211
2.830000 0.250000 0.249693 2.132092 2.130203
2.850000 0.250000 0.249692 2.132092 2.130195
2.870000 0.250000 0.249690 2.132092 2.130186
2.890000 0.250000 0.249689 2.132092 2.130178
2.910000 0.250000 0.249688 2.132092 2.130170
2.930000 0.250000 0.249687 2.132092 2.130161
2.950000 0.250000 0.249685 2.132092 2.130153
2.970000 0.250000 0.249684 2.132092 2.130144
2.990000 0.250000 0.249683 2.132092 2.130135
3.010000 0.250000 0.249681 2.132092 2.130127
3.030000 0.250000 0.249680 2.132092 2.130118
3.050000 0.250000 0.249679 2.132092 2.130109
3.070000 0.250000 0.249677 2.132092 2.130100
3.090000 0.250000 0.249676 2.132092 2.130091
3.110000 0.250000 0.249674 2.132092 2.130082
3.130000 0.250000 0.249673 2.132092 2.130073
3.150000 0.250000 0.249672 2.132092 2.130063
3.170000 0.250000 0.249670 2.132092 2.130054
3.190000 0.250000 0.249669 2.132092 2.130044
3.210000 0.250000 0.249667 2.132092 2.130035
3.230000 0.250000 0.249666 2.132092 2.130025
3.250000 0.250000 0.249664 2.132092 2.130016
3.270000 0.250000 0.249663 2.132092 2.130006
3.290000 0.250000 0.249661 2.132092 2.129996
3.310000 0.250000 0.249660 2.132092 2.129986
3.330000 0.250000 0.249658 2.132092 2.129976
3.350000 0.250000 0.249656 2.132092 2.129966
3.370000 0.250000 0.249655 2.132092 2.129956
3.390000 0.250000 0.249653 2.132092 2.129945
3.410000 0.250000 0.249652 2.132092 2.129935
3.430000 0.250000 0.249650 2.132092 2.129924
3.450000 0.250000 0.249648 2.132092 2.129914
3.470000 0.250000 0.249647 2.132092 2.129903
3.490000 0.250000 0.249645 2.132092 2.129892
3.510000 0.250000 0.249643 2.132092 2.129881
3.530000 0.250000 0.249642 2.132092 2.129870
3.550000 0.250000 0.249640 2.132092 2.129859
3.570000 0.250000 0.249638 2.132092 2.129848
3.590000 0.250000 0.249636 2.132092 2.129836
3.610000 0.250000 0.249634 2.132092 2.129825
3.630000 0.250000 0.249633 2.132092 2.129813
3.650000 0.250000 0.249631 2.132092 2.129802
3.670000 0.250000 0.249629 2.132092 2.129790
3.690000 0.250000 0.249627 2.132092 2.129778
3.710000 0.250000 0.249625 2.132092 2.129766
3.730000 0.250000 0.249623 2.132092 2.129754
3.750000 0.250000 0.249621 2.132092 2.129741
3.770000 0.250000 0.249619 2.132092 2.129729
3.790000 0.250000 0.249617 2.132092 2.129716
3.810000 0.250000 0.249615 2.132092 2.129703
3.830000 0.250000 0.249613 2.132092 2.129691
3.850000 0.250000 0.249611 2.132092 2.129678
3.870000 0.250000 0.249609 2.132092 2.129664
3.890000 0.250000 0.249607 2.132092 2.129651
3.910000 0.250000 0.249605 2.132092 2.129638
3.930000 0.250000 0.249603 2.132092 2.129624
3.950000 0.250000 0.249601 2.132092 2.129610
3.970000 0.250000 0.249599 2.132092 2.129596
3.990000 0.250000 0.249596 2.132092 2.129582
4.010000 0.250000 0.249594 2.132092 2.129568
4.030000 0.250000 0.249592 2.132092 2.129554
4.050000 0.250000 0.249590 2.132092 2.129539
4.070000 0.250000 0.249587 2.132092 2.129524
4.090000 0.250000 0.249585 2.132092 2.129510
4.110000 0.250000 0.249582 2.132092 2.129495
4.130000 0.250000 0.249580 2.132092 2.129479
4.150000 0.250000 0.249578 2.132092 2.129464
4.170000 0.250000 0.249575 2.132092 2.129448
4.190000 0.250000 0.249573 2.132092 2.129432
4.210000 0.250000 0.249570 2.132092 2.129416
4.230000 0.250000 0.249568 2.132092 2.129400
4.250000 0.250000 0.249565 2.132092 2.129384
4.270000 0.250000 0.249562 2.132092 2.129367
4.290000 0.250000 0.249560 2.132092 2.129350
4.310000 0.250000 0.249557 2.132092 2.129333
4.330000 0.250000 0.249554 2.132092 2.129316
4.350000 0.250000 0.249551 2.132092 2.129299
4.370000 0.250000 0.249549 2.132092 2.129281
4.390000 0.250000 0.249546 2.132092 2.129263
4.410000 0.250000 0.249543 2.132092 2.129245
4.430000 0.250000 0.249540 2.132092 2.129227
4.450000 0.250000 0.249537 2.132092 2.129208
4.470000 0.250000 0.249534 2.132092 2.129189
4.490000 0.250000 0.249531 2.132092 2.129170
4.510000 0.250000 0.249528 2.132092 2.129151
4.530000 0.250000 0.249525 2.132092 2.129131
4.550000 0.250000 0.249522 2.132092 2.129111
4.570000 0.250000 0.249519 2.132092 2.129091
4.590000 0.250000 0.249515 2.132092 2.129070
4.610000 0.250000 0.249512 2.132092 2.129050
4.630000 0.250000 0.249509 2.132092 2.129029
4.650000 0.250000 0.249505 2.132092 2.129007
4.670000 0.250000 0.249502 2.132092 2.128986
4.690000 0.250000 0.249498 2.132092 2.128964
4.710000 0.250000 0.249495 2.132092 2.128941
4.730000 0.250000 0.249491 2.132092 2.128919
4.750000 0.250000 0.249488 2.132092 2.128896
4.770000 0.250000 0.249484 2.132092 2.128872
4.790000 0.250000 0.249480 2.132092 2.128849
4.810000 0.250000 0.249476 2.132092 2.128825
4.830000 0.250000 0.249472 2.132092 2.128800
4.850000 0.250000 0.249468 2.132092 2.128776
4.870000 0.250000 0.249464 2.132092 2.128750
4.890000 0.250000 0.249460 2.132092 2.128725
4.910000 0.250000 0.249456 2.132092 2.128699
4.930000 0.250000 0.249452 2.132092 2.128672
4.950000 0.250000 0.249448 2.132092 2.128646
4.970000 0.250000 0.249443 2.132092 2.128618
4.990000 0.250000 0.249439 2.132092 2.128591
5.010000 0.250000 0.249435 2.132092 2.128562
5.030000 0.250000 0.249430 2.132092 2.128534
5.050000 0.250000 0.249425 2.132092 2.128505
5.070000 0.250000 0.249421 2.132092 2.128475
5.090000 0.250000 0.249416 2.132092 2.128445
5.110000 0.250000 0.249411 2.132092 2.128414
5.130000 0.250000 0.249406 2.132092 2.128383
5.150000 0.250000 0.249401 2.132092 2.128351
5.170000 0.250000 0.249396 2.132092 2.128319
5.190000 0.250000 0.249391 2.132092 2.128286
5.210000 0.250000 0.249385 2.132092 2.128252
5.230000 0.250000 0.249380 2.132092 2.128218
5.250000 0.250000 0.249374 2.132092 2.128183
5.270000 0.250000 0.249369 2.132092 2.128148
5.290000 0.250000 0.249363 2.132092 2.128112
5.310000 0.250000 0.249357 2.132092 2.128075
5.330000 0.250000 0.249351 2.132092 2.128037
5.350000 0.250000 0.249345 2.132092 2.127999
5.370000 0.250000 0.249339 2.132092 2.127960
5.390000 0.250000 0.249332 2.132092 2.127920
5.410000 0.250000 0.249326 2.132092 2.127879
5.430000 0.250000 0.249319 2.132092 2.127838
5.450000 0.250000 0.249313 2.132092 2.127795
5.470000 0.250000 0.249306 2.132092 2.127752
5.490000 0.250000 0.249299 2.132092 2.127708
5.510000 0.250000 0.249291 2.132092 2.127662
5.530000 0.250000 0.249284 2.132092 2.127616
5.550000 0.250000 0.249276 2.132092 2.127569
5.570000 0.250000 0.249269 2.132092 2.127520
5.590000 0.250000 0.249261 2.132092 2.127471
5.610000 0.250000 0.249253 2.132092 2.127420
5.630000 0.250000 0.249245 2.132092 2.127369
5.650000 0.250000 0.249236 2.132092 2.127315
5.670000 0.250000 0.249227 2.132092 2.127261
5.690000 0.250000 0.249219 2.132092 2.127205
5.710000 0.250000 0.249210 2.132092 2.127148
5.730000 0.250000 0.249200 2.132092 2.127090
5.750000 0.250000 0.249191 2.132092 2.127030
5.770000 0.250000 0.249181 2.132092 2.126968
5.790000 0.250000 0.249171 2.132092 2.126905
5.810000 0.250000 0.249160 2.132092 2.126840
5.830000 0.250000 0.249150 2.132092 2.126773
5.850000 0.250000 0.249139 2.132092 2.126704
5.870000 0.250000 0.249128 2.132092 2.126633
5.890000 0.250000 0.249116 2.132092 2.126561
5.910000 0.250000 0.249104 2.132092 2.126486
5.930000 0.250000 0.249092 2.132092 2.126408
5.950000 0.250000 0.249079 2.132092 2.126329
5.970000 0.250000 0.249066 2.132092 2.126246
5.990000 0.250000 0.249052 2.132092 2.126162
6.010000 0.250000 0.249038 2.132092 2.126074
6.030000 0.250000 0.249024 2.132092 2.125983
6.050000 0.250000 0.249009 2.132092 2.125889
6.070000 0.250000 0.248994 2.132092 2.125792
6.090000 0.250000 0.248978 2.132092 2.125691
6.110000 0.250000 0.248961 2.132092 2.125586
6.130000 0.250000 0.248944 2.132092 2.125478
6.150000 0.250000 0.248925 2.132092 2.125364
6.170000 0.250000 0.248907 2.132092 2.125246
6.190000 0.250000 0.248887 2.132092 2.125123
6.210000 0.250000 0.248867 2.132092 2.124995
6.230000 0.250000 0.248845 2.132092 2.124860
6.250000 0.250000 0.248823 2.132092 2.124719
6.270000 0.250000 0.248799 2.132092 2.124571
6.290000 0.250000 0.248774 2.132092 2.124415
6.310000 0.250000 0.248748 2.132092 2.124251
6.330000 0.250000 0.248721 2.132092 2.124079
6.350000 0.250000 0.248692 2.132092 2.123896
6.370000 0.250000 0.248661 2.132092 2.123702
6.390000 0.250000 0.248628 2.132092 2.123497
6.410000 0.250000 0.248594 2.132092 2.123279
6.430000 0.250000 0.248557 2.132092 2.123047
6.450000 0.250000 0.248517 2.132092 2.122800
6.470000 0.250000 0.248475 2.132092 2.122537
6.490000 0.250000 0.248431 2.132092 2.122257
6.510000 0.250000 0.248383 2.132092 2.121957
6.530000 0.250000 0.248332 2.132092 2.121637
6.550000 0.250000 0.248278 2.132092 2.121296
6.570000 0.250000 0.248220 2.132092 2.120931
6.590000 0.250000 0.248158 2.132092 2.120543
6.610000 0.250000 0.248092 2.132092 2.120129
6.630000 0.250000 0.248023 2.132092 2.119689
6.650000 0.250000 0.247948 2.132092 2.119223
6.670000 0.250000 0.247870 2.132092 2.118729
6.690000 0.250000 0.247787 2.132092 2.118207
6.710000 0.250000 0.247700 2.132092 2.117659
6.730000 0.250000 0.247609 2.132092 2.117085
6.750000 0.250000 0.247513 2.132092 2.116485
6.770000 0.250000 0.247415 2.132092 2.115863
6.790000 0.250000 0.247313 2.132092 2.115220
6.810000 0.250000 0.247208 2.132092 2.114560
6.830000 0.250000 0.247101 2.132092 2.113886
6.850000 0.250000 0.246993 2.132092 2.113204
6.870000 0.250000 0.246884 2.132092 2.112518
6.890000 0.250000 0.246775 2.132092 2.111834
6.910000 0.250000 0.246668 2.132092 2.111158
6.930000 0.250000 0.246564 2.132092 2.110498
6.950000 0.250000 0.246462 2.132092 2.109860
6.970000 0.250000 0.246366 2.132092 2.109251
6.990000 0.250000 0.246275 2.132092 2.108680
7.010000 0.250000 0.246192 2.132092 2.108152
7.030000 0.250000 0.246117 2.132092 2.107677
7.050000 0.250000 0.246051 2.132092 2.107259
7.070000 0.250000 0.245995 2.132092 2.106906
7.090000 0.250000 0.245950 2.132092 2.106623
7.110000 0.250000 0.245917 2.132092 2.106415
7.130000 0.250000 0.245896 2.132092 2.106286
7.150000 0.250000 0.245889 2.132092 2.106238
7.170000 0.250000 0.245894 2.132092 2.106273
7.190000 0.250000 0.245913 2.132092 2.106393
7.210000 0.250000 0.245946 2.132092 2.106598
7.230000 0.250000 0.245991 2.132092 2.106885
7.250000 0.250000 0.246050 2.132092 2.107253
7.270000 0.250000 0.246120 2.132092 2.107698
7.290000 0.250000 0.246202 2.132092 2.108218
7.310000 0.250000 0.246296 2.132092 2.108806
7.330000 0.250000 0.246399 2.132092 2.109458
7.350000 0.250000 0.246511 2.132092 2.110167
7.370000 0.250000 0.246632 2.132092 2.110928
7.390000 0.250000 0.246760 2.132092 2.111733
7.410000 0.250000 0.246894 2.132092 2.112576
7.430000 0.250000 0.247032 2.132092 2.113450
7.450000 0.250000 0.247175 2.132092 2.114348
7.470000 0.250000 0.247320 2.132092 2.115262
7.490000 0.250000 0.247467 2.132092 2.116186
7.510000 0.250000 0.247614 2.132092 2.117113
7.530000 0.250000 0.247761 2.132092 2.118037
7.550000 0.250000 0.247906 2.132092 2.118952
7.570000 0.250000 0.248050 2.132092 2.119853
7.590000 0.250000 0.248190 2.132092 2.120734
7.610000 0.250000 0.248326 2.132092 2.121592
7.630000 0.250000 0.248458 2.132092 2.122421
7.650000 0.250000 0.248585 2.132092 2.123219
7.670000 0.250000 0.248707 2.132092 2.123983
7.690000 0.250000 0.248823 2.132092 2.124710
7.710000 0.250000 0.248932 2.132092 2.125398
7.730000 0.250000 0.249036 2.132092 2.126047
7.750000 0.250000 0.249133 2.132092 2.126654
7.770000 0.250000 0.249223 2.132092 2.127221
7.790000 0.250000 0.249307 2.132092 2.127746
7.810000 0.250000 0.249384 2.132092 2.128231
7.830000 0.250000 0.249455 2.132092 2.128677
7.850000 0.250000 0.249520 2.132092 2.129083
7.870000 0.250000 0.249579 2.132092 2.129453
7.890000 0.250000 0.249632 2.132092 2.129787
7.910000 0.250000 0.249680 2.132092 2.130088
7.930000 0.250000 0.249723 2.132092 2.130357
7.950000 0.250000 0.249761 2.132092 2.130597
7.970000 0.250000 0.249795 2.132092 2.130809
7.990000 0.250000 0.249825 2.132092 2.130996
8.010000 0.250000 0.249851 2.132092 2.131160
8.030000 0.250000 0.249874 2.132092 2.131303
8.050000 0.250000 0.249894 2.132092 2.131427
8.070000 0.250000 0.249911 2.132092 2.131534
8.090000 0.250000 0.249926 2.132092 2.131626
8.110000 0.250000 0.249938 2.132092 2.131705
8.130000 0.250000 0.249949 2.132092 2.131772
8.150000 0.250000 0.249958 2.132092 2.131828
8.170000 0.250000 0.249965 2.132092 2.131876
8.190000 0.250000 0.249972 2.132092 2.131916
8.210000 0.250000 0.249977 2.132092 2.131949
8.230000 0.250000 0.249982 2.132092 2.131976
8.250000 0.250000 0.249985 2.132092 2.131999
8.270000 0.250000 0.249988 2.132092 2.132017
8.290000 0.250000 0.249991 2.132092 2.132032
8.310000 0.250000 0.249992 2.132092 2.132045
8.330000 0.250000 0.249994 2.132092 2.132055
8.350000 0.250000 0.249995 2.132092 2.132063
8.370000 0.250000 0.249996 2.132092 2.132069
8.390000 0.250000 0.249997 2.132092 2.132074
8.410000 0.250000 0.249998 2.132092 2.132078
8.430000 0.250000 0.249998 2.132092 2.132081
8.450000 0.250000 0.249999 2.132092 2.132084
8.470000 0.250000 0.249999 2.132092 2.132086
8.490000 0.250000 0.249999 2.132092 2.132087
8.510000 0.250000 0.249999 2.132092 2.132088
8.530000 0.250000 0.250000 2.132092 2.132089
8.550000 0.250000 0.250000 2.132092 2.132090
8.570000 0.250000 0.250000 2.132092 2.132090
8.590000 0.250000 0.250000 2.132092 2.132091
8.610000 0.250000 0.250000 2.132092 2.132091
8.630000 0.250000 0.250000 2.132092 2.132091
8.650000 0.250000 0.250000 2.132092 2.132092
8.670000 0.250000 0.250000 2.132092 2.132092
8.690000 0.250000 0.250000 2.132092 2.132092
8.710000 0.250000 0.250000 2.132092 2.132092
8.730000 0.250000 0.250000 2.132092 2.132092
8.750000 0.250000 0.250000 2.132092 2.132092
8.770000 0.250000 0.250000 2.132092 2.132092
8.790000 0.250000 0.250000 2.132092 2.132092
8.810000 0.250000 0.250000 2.132092 2.132092
8.830000 0.250000 0.250000 2.132092 2.132092
8.850000 0.250000 0.250000 2.132092 2.132092
8.870000 0.250000 0.250000 2.132092 2.132092
8.890000 0.250000 0.250000 2.132092 2.132092
8.910000 0.250000 0.250000 2.132092 2.132092
8.930000 0.250000 0.250000 2.132092 2.132092
8.950000 0.250000 0.250000 2.132092 2.132092
8.970000 0.250000 0.250000 2.132092 2.132092
8.990000 0.250000 0.250000 2.132092 2.132092
9.010000 0.250000 0.250000 2.132092 2.132092
9.030000 0.250000 0.250000 2.132092 2.132092
9.050000 0.250000 0.250000 2.132092 2.132092
9.070000 0.250000 0.250000 2.132092 2.132092
9.090000 0.250000 0.250000 2.132092 2.132092
9.110000 0.250000 0.250000 2.132092 2.132092
9.130000 0.250000 0.250000 2.132092 2.132092
9.150000 0.250000 0.250000 2.132092 2.132092
9.170000 0.250000 0.250000 2.132092 2.132092
9.190000 0.250000 0.250000 2.132092 2.132092
9.210000 0.250000 0.250000 2.132092 2.132092
9.230000 0.250000 0.250000 2.132092 2.132092
9.250000 0.250000 0.250000 2.132092 2.132092
9.270000 0.250000 0.250000 2.132092 2.132092
9.290000 0.250000 0.250000 2.132092 2.132092
9.310000 0.250000 0.250000 2.132092 2.132092
9.330000 0.250000 0.250000 2.132092 2.132092
9.350000 0.250000 0.250000 2.132092 2.132092
9.370000 0.250000 0.250000 2.132092 2.132092
9.390000 0.250000 0.250000 2.132092 2.132092
9.410000 0.250000 0.250000 2.132092 2.132092
9.430000 0.250000 0.250000 2.132092 2.132092
9.450000 0.250000 0.250000 2.132092 2.132092
9.470000 0.250000 0.250000 2.132092 2.132092
9.490000 0.250000 0.250000 2.132092 2.132092
9.510000 0.250000 0.250000 2.132092 2.132092
9.530000 0.250000 0.250000 2.132092 2.132092
9.550000 0.250000 0.250000 2.132092 2.132092
9.570000 0.250000 0.250000 2.132092 2.132092
9.590000 0.250000 0.250000 2.132092 2.132092
9.610000 0.250000 0.250000 2.132092 2.132092
9.630000 0.250000 0.250000 2.132092 2.132092
9.650000 0.250000 0.250000 2.132092 2.132092
9.670000 0.250000 0.250000 2.132092 2.132092
9.690000 0.250000 0.250000 2.132092 2.132092
9.710000 0.250000 0.250000 2.132092 2.132092
9.730000 0.250000 0.250000 2.132092 2.132092
9.750000 0.250000 0.250000 2.132092 2.132092
9.770000 0.250000 0.250000 2.132092 2.132092
9.790000 0.250000 0.250000 2.132092 2.132092
9.810000 0.250000 0.250000 2.132092 2.132092
9.830000 0.250000 0.250000 2.132092 2.132092
9.850000 0.250000 0.250000 2.132092 2.132092
9.870000 0.250000 0.250000 2.132092 2.132092
9.890000 0.250000 0.250000 2.132092 2.132092
9.910000 0.250000 0.250000 2.132092 2.132092
9.930000 0.250000 0.250000 2.132092 2.132092
9.950000 0.250000 0.250000 2.132092 2.132092
9.970000 0.250000 0.250000 2.132092 2.132092
9.990000 0.250000 0.250000 2.132092 2.132092
10.010000 0.250000 0.250000 2.132092 2.132092
